$SPEC_ID:
No sample description was entered.
$SPEC_REM:
DET# 1
DETDESC# WINDOWS-E1K93MC Easy-MCA-8k SN 13260151
AP# Maestro Version 6.06
$DATE_MEA:
04/17/2019 14:15:31
$MEAS_TIM:
133 139
$DATA:
0 1023
       0
       0
       0
       0
       0
       0
       0
       0
       0
       0
       0
       0
       0
       0
       0
       0
       0
       0
       0
       1
    5331
    6330
    6790
    6949
    7551
    7890
    8077
    8485
    8861
    9136
    9442
    9534
    9767
    9730
    9752
    9695
    9494
    9515
    9171
    9236
    8955
    8720
    8438
    8081
    8050
    7731
    7597
    7400
    6993
    6976
    6852
    6544
    6373
    6332
    5933
    5827
    5729
    5449
    5214
    5132
    4791
    4611
    4584
    4328
    4112
    4004
    3839
    3637
    3501
    3236
    3108
    3006
    2986
    2807
    2633
    2592
    2444
    2387
    2265
    2219
    2128
    2053
    1994
    1923
    1852
    1951
    1852
    1782
    1776
    1742
    1663
    1685
    1750
    1665
    1751
    1720
    1699
    1633
    1776
    1710
    1748
    1769
    1703
    1725
    1758
    1656
    1743
    1766
    1787
    1722
    1723
    1698
    1677
    1648
    1676
    1695
    1518
    1465
    1442
    1416
    1360
    1422
    1327
    1259
    1284
    1140
    1148
    1066
    1036
    1007
     935
     814
     828
     838
     719
     765
     657
     581
     531
     557
     536
     494
     466
     449
     395
     393
     334
     352
     288
     309
     263
     261
     254
     221
     200
     206
     212
     181
     179
     164
     163
     149
     153
     158
     137
     123
     138
     125
     121
      95
     128
     109
     102
      99
     104
      90
     101
      83
      84
      97
      99
     108
      78
      97
      96
     104
      98
      98
      86
      88
      81
      93
      74
      91
      86
      84
      91
      92
      81
      91
      79
     100
      71
      58
      79
      77
      69
      55
      66
      68
      68
      66
      50
      62
      54
      54
      51
      55
      52
      46
      62
      51
      63
      43
      45
      55
      40
      44
      38
      26
      47
      46
      34
      36
      30
      29
      36
      27
      25
      37
      38
      34
      28
      34
      27
      20
      24
      29
      18
      34
      19
      18
      20
      27
      26
      16
      26
      19
      16
      13
      17
      19
      17
      20
      17
      17
      22
      12
      12
      22
      15
      13
      12
      15
      18
      11
      18
      16
      13
      16
       7
      20
      11
      12
      15
      12
       9
       7
      10
      13
      12
      15
      11
      13
      20
       8
      14
      16
      15
      12
       8
      18
      10
      11
      12
      18
      15
       4
       8
      11
      11
      13
       6
       8
       6
      11
      14
       9
      11
       8
       8
      11
      11
      14
       7
       5
       9
       8
      11
       5
       7
       7
       6
      10
       7
       7
      13
       7
       6
      15
       6
       4
      15
       9
      12
       3
       4
       8
      10
       7
       2
       7
       8
       9
       8
       7
       8
       9
       7
      10
      10
       6
       9
       3
      10
       7
       3
       6
       4
       6
       2
       4
       5
       9
       8
       9
       4
       4
       5
       2
       5
       5
      12
       8
       7
       7
      10
       6
       7
       5
       6
       7
       5
       7
       5
      12
       4
       5
       2
       9
       5
       3
       0
      10
       4
       5
       4
       6
       5
       4
       4
      10
       5
       4
       2
       6
       5
       3
       6
       1
       6
       6
       4
       2
       3
       4
       0
       2
       4
       4
       6
       3
       4
       1
       6
       5
       1
       3
       4
       4
       9
       5
       1
       5
       4
       4
       0
       2
       7
       3
       3
       2
       7
       6
       1
       3
       5
       1
       2
       4
       3
       1
       3
       0
       3
       2
       4
       3
       2
       3
       2
       2
       3
       4
       2
       5
       4
       0
       3
       5
       3
       4
       4
       3
       2
       3
       6
       5
       0
       4
       3
       2
       2
       1
       0
       4
       3
       4
       0
       2
       1
       3
       1
       1
       2
       2
       2
       4
       3
       1
       4
       3
       2
       2
       0
       3
       2
       2
       3
       3
       0
       2
       1
       3
       2
       2
       4
       1
       3
       1
       1
       1
       3
       6
       2
       0
       2
       2
       2
       1
       3
       2
       1
       2
       6
       2
       3
       3
       1
       2
       1
       2
       0
       2
       1
       0
       0
       2
       1
       2
       3
       2
       1
       1
       0
       2
       3
       0
       2
       2
       3
       1
       0
       1
       2
       1
       0
       3
       4
       0
       0
       0
       0
       4
       3
       0
       1
       1
       2
       1
       0
       1
       2
       2
       4
       1
       2
       1
       1
       3
       0
       1
       1
       3
       1
       4
       1
       1
       1
       1
       4
       0
       0
       3
       1
       2
       0
       1
       1
       0
       0
       2
       2
       1
       0
       0
       0
       0
       0
       0
       1
       1
       2
       2
       1
       3
       2
       1
       1
       2
       2
       3
       1
       0
       1
       2
       1
       0
       0
       0
       2
       0
       1
       0
       1
       2
       1
       2
       2
       1
       1
       3
       0
       2
       0
       0
       1
       0
       2
       2
       0
       2
       1
       1
       1
       2
       2
       0
       3
       0
       2
       0
       0
       2
       0
       0
       0
       0
       1
       2
       0
       0
       0
       1
       0
       1
       1
       1
       0
       2
       0
       1
       1
       0
       1
       2
       1
       1
       3
       1
       0
       1
       2
       1
       0
       1
       0
       0
       0
       3
       1
       1
       0
       1
       0
       4
       1
       0
       1
       0
       0
       1
       4
       1
       1
       0
       0
       1
       1
       0
       2
       0
       0
       3
       1
       1
       2
       1
       0
       2
       0
       0
       3
       1
       0
       1
       0
       1
       0
       1
       3
       0
       0
       3
       2
       0
       1
       0
       0
       0
       0
       0
       1
       2
       0
       1
       1
       1
       0
       1
       0
       4
       0
       0
       0
       0
       3
       0
       1
       0
       3
       0
       1
       0
       1
       1
       0
       2
       1
       1
       0
       0
       0
       0
       3
       0
       0
       0
       2
       0
       0
       0
       1
       0
       0
       0
       0
       1
       1
       0
       0
       0
       0
       1
       3
       4
       2
       1
       1
       0
       1
       0
       2
       1
       2
       0
       3
       1
       1
       0
       0
       0
       1
       0
       0
       1
       0
       1
       0
       0
       0
       1
       1
       0
       0
       0
       0
       0
       0
       0
       0
       0
       0
       1
       1
       2
       1
       0
       1
       1
       0
       1
       1
       0
       1
       0
       0
       0
       0
       0
       0
       0
       0
       1
       2
       0
       0
       0
       0
       0
       1
       0
       1
       0
       1
       1
       0
       0
       0
       0
       0
       1
       0
       0
       0
       1
       1
       0
       1
       0
       0
       0
       0
       1
       0
       0
       0
       0
       0
       0
       0
       0
       0
       0
       0
       0
       0
       2
       1
       0
       0
       0
       1
       1
       1
       0
       0
       2
       1
       0
       0
       1
       0
       2
       0
       0
       1
       0
       0
       0
       1
       1
       0
       0
       0
       0
       0
       0
       0
       1
       0
       0
       0
       0
       0
       0
       0
       1
       0
       0
       0
       0
       0
       0
       0
       0
       0
       0
       1
       0
       0
       0
       0
       0
       0
       0
       0
       0
       0
       0
       2
       0
       0
       0
       0
       0
       0
       0
       0
       0
       0
       0
       0
       1
       0
       1
       1
       0
       0
       0
       0
       0
       0
       0
       0
       0
       0
       0
       0
       0
       0
       0
       0
       0
$ROI:
1
600 854
$PRESETS:
Live Time
1200
0
$ENER_FIT:
0.000000 0.000000
$MCA_CAL:
3
0.000000E+000 0.000000E+000 0.000000E+000 
$SHAPE_CAL:
3
0.000000E+000 0.000000E+000 0.000000E+000
