$SPEC_ID:
No sample description was entered.
$SPEC_REM:
DET# 1
DETDESC# WINDOWS-E1K93MC Easy-MCA-8k SN 13260151
AP# Maestro Version 6.06
$DATE_MEA:
04/17/2019 13:20:15
$MEAS_TIM:
2100 2101
$DATA:
0 1023
       0
       0
       0
       0
       0
       0
       0
       0
       0
       0
       0
       0
       0
       0
       0
       0
       0
       0
       0
       1
    4154
    4662
    4661
    4454
    4427
    4353
    4385
    4292
    4076
    3959
    3917
    3713
    3467
    3381
    3246
    3057
    3064
    2819
    2661
    2493
    2341
    2286
    2099
    2033
    1935
    1799
    1641
    1624
    1483
    1452
    1376
    1238
    1137
    1153
    1010
     999
     984
     872
     801
     761
     738
     714
     707
     650
     598
     601
     523
     511
     460
     475
     433
     417
     373
     344
     375
     357
     330
     316
     263
     280
     272
     280
     220
     220
     236
     208
     178
     197
     183
     169
     200
     189
     160
     163
     147
     154
     138
     157
     117
     152
     146
     132
     140
     118
     130
     118
     124
     117
     115
     133
      89
     104
     108
      93
      90
      84
      83
      84
      56
      89
      96
      58
      74
      61
      71
      65
      58
      63
      58
      45
      52
      45
      52
      37
      46
      44
      34
      36
      27
      29
      35
      25
      27
      34
      23
      24
      19
      21
      14
      21
      20
      21
      14
      17
      20
      23
      12
      11
      11
      17
      14
      16
      16
       8
       9
      15
      10
      10
       9
       8
      11
      11
      15
      13
      11
      17
      10
      13
      10
       5
       6
      11
      10
      13
      13
       6
      10
       8
       5
       7
      12
       7
       5
      12
      11
       4
       8
      13
       5
      11
      10
       7
       7
      13
       5
       8
      10
       7
       9
       4
       4
       5
       5
       5
       5
       8
       4
       8
       7
       7
      10
       6
       7
       7
       0
       6
       6
       8
       4
       1
       3
       2
       4
       9
       7
       5
       4
       5
       2
       4
       4
       7
       4
       4
       6
       6
       3
       8
       6
       9
       1
       2
       6
       7
       2
       8
       5
       4
       3
       4
       9
       9
       3
       3
       5
       5
       8
       2
       4
       7
       3
       5
       6
       9
       4
       4
       2
       5
       5
       2
       4
       4
       3
       3
      10
       4
       1
       2
       5
       2
       5
       2
       4
       4
       3
       2
       2
       4
       4
       0
       2
       4
       3
       3
       3
       3
       2
       2
       1
       5
       3
       2
       2
       7
       4
       3
       3
       3
       4
       5
       2
       1
       5
       2
       2
       4
       2
       1
       3
       4
       1
       5
       3
       5
       2
       1
       1
       5
       2
       0
       0
       8
       0
       2
       2
       7
       2
       1
       3
       3
       1
       4
       4
       1
       5
       3
       3
       6
       3
       3
       4
       4
       3
       5
       5
       1
       1
       2
       3
       2
       5
       2
       2
       2
       3
       3
       0
       4
       6
       5
       1
       2
       3
       3
       3
       6
       5
       3
       2
       4
       1
       1
       2
       5
       3
       4
       2
       5
       7
       2
       7
       2
       1
       3
       1
       3
       5
       4
       5
       2
       1
       2
       3
       0
       5
       2
       3
       4
       5
       1
       3
       4
       2
       3
       6
       5
       4
       5
       4
       2
       1
       5
       2
       8
       2
       2
       2
       2
       3
       3
       0
       0
       0
       5
       0
       4
       4
       1
       1
       2
       4
       2
       1
       1
       1
       3
       2
       1
       0
       2
       3
       2
       4
       3
       3
       2
       6
       6
       4
       2
       1
       2
       1
       2
       3
       4
       4
       4
       1
       3
       1
       1
       2
       2
       4
       4
       3
       2
       1
       5
       1
       2
       3
       2
       4
       1
       5
       4
       5
       2
       4
       4
       2
       3
       4
       2
       3
       5
       3
       2
       5
       3
       5
       2
       1
       4
       4
       4
       0
       4
       4
       0
       3
       2
       2
       3
       2
       3
       2
       2
       4
       2
       3
       5
       5
      10
       5
       4
       5
       6
       2
       5
       1
       6
       1
       5
       5
       7
       4
       5
       2
       7
       4
       5
       8
       6
       3
      10
       1
       7
       9
      11
       6
       8
      10
       4
       3
       5
       4
       6
       7
       8
       2
      11
       6
       8
      12
       8
       6
       7
       5
       3
       5
       2
       5
       8
       5
      13
       7
       7
      10
       4
      15
       6
       9
       8
      11
       7
      14
       7
       6
       9
       9
      13
      18
      12
      13
      12
      11
      15
      13
      11
      11
      11
      15
      16
      10
      18
      16
      11
      20
      16
      14
      20
      18
      20
      21
      22
      17
      24
      22
      20
      25
      20
      12
      22
      40
      30
      22
      27
      25
      30
      31
      43
      31
      37
      41
      46
      28
      43
      39
      47
      50
      38
      43
      48
      51
      48
      54
      38
      55
      54
      60
      62
      66
      57
      73
      72
      82
      67
      85
      72
      82
      86
      77
      67
      76
      60
      88
      87
      84
      97
      82
      80
      91
      87
      85
      99
      90
     107
      81
      97
      78
     114
     111
     106
      88
     100
     101
     100
     116
     102
      88
      98
      91
      98
     104
     107
      94
     105
      97
      96
     108
     106
     112
     101
      95
     107
      85
      97
      92
      92
      91
      74
      86
      85
      89
      82
      74
      79
      85
      76
      65
      67
      56
      79
      89
      68
      78
      74
      62
      60
      60
      54
      76
      48
      66
      37
      56
      51
      44
      59
      55
      65
      43
      48
      40
      48
      53
      36
      46
      36
      49
      51
      44
      43
      38
      36
      36
      52
      33
      41
      29
      31
      38
      34
      29
      25
      32
      29
      23
      23
      24
      22
      23
      18
      24
      35
      24
      28
      20
      17
      19
      24
      19
      19
      15
      16
      20
      12
      17
      18
      17
       7
      12
      23
       9
      16
      12
      16
      12
      15
       9
      11
      21
       7
      18
      10
       7
       7
       5
      13
      18
      13
      10
       7
       8
       7
       5
      10
       6
       9
       5
       7
      11
       3
       6
       9
       5
       8
      10
       6
       6
       3
       9
       5
       8
       4
       4
       6
       9
       9
       1
       3
       7
       7
       6
       6
       6
      13
       7
       3
       6
       9
       3
       6
       1
       3
       6
       3
       9
       5
       3
       3
       4
       3
       2
       4
       3
       5
       7
       3
       5
       1
       5
       2
       2
       3
       4
       3
       3
       2
       4
       2
       1
       4
       5
       3
       1
       5
       3
       5
       4
       7
       4
       6
       3
       1
       5
       6
       5
       2
       2
       1
       3
       0
       5
       5
       3
       4
       1
       3
       3
       5
       4
       5
       1
       3
       5
       1
       4
       3
       3
       3
       2
       4
       6
       2
       5
       1
       5
       2
       5
       5
       1
       4
       1
       7
       1
       1
       3
       4
       7
       3
       3
       4
       2
       2
       2
       3
       2
       2
       1
       3
       5
       0
       0
       3
       5
       3
       6
       1
       5
       1
       5
       7
       5
       3
       3
       5
       5
       5
       5
       1
       4
       2
       2
       2
       1
       2
       5
       3
       4
       5
       5
       4
       3
       3
       4
       3
       7
       6
       3
       8
       2
       5
       2
       2
       0
       0
       0
       0
       0
       0
       0
       0
       0
       0
       0
       0
       0
       0
       0
       0
$ROI:
1
600 854
$PRESETS:
Live Time
2100
0
$ENER_FIT:
0.000000 0.000000
$MCA_CAL:
3
0.000000E+000 0.000000E+000 0.000000E+000 
$SHAPE_CAL:
3
0.000000E+000 0.000000E+000 0.000000E+000
