$SPEC_ID:
No sample description was entered.
$SPEC_REM:
DET# 1
DETDESC# WINDOWS-E1K93MC Easy-MCA-8k SN 13260151
AP# Maestro Version 6.06
$DATE_MEA:
04/17/2019 13:57:18
$MEAS_TIM:
1200 1200
$DATA:
0 1023
       0
       0
       0
       0
       0
       0
       0
       0
       0
       0
       0
       0
       0
       0
       0
       0
       0
       0
       0
       1
    2002
    2225
    2232
    2204
    2085
    2056
    1980
    1906
    1791
    1736
    1635
    1621
    1607
    1513
    1377
    1335
    1231
    1150
    1105
    1094
     967
     890
     880
     819
     758
     721
     666
     582
     573
     538
     508
     493
     463
     431
     413
     372
     338
     335
     332
     321
     284
     281
     272
     203
     213
     210
     188
     178
     190
     173
     145
     150
     151
     171
     122
     134
     121
     113
      98
     106
      96
      77
      87
     103
      68
      63
      65
      67
      82
      60
      77
      64
      54
      54
      43
      50
      46
      51
      42
      47
      44
      53
      40
      44
      34
      37
      34
      35
      27
      28
      26
      38
      33
      42
      38
      30
      26
      26
      25
      23
      26
      25
      14
      26
      27
      21
      17
      23
      10
      17
      18
      20
      19
      20
      19
       8
       8
      11
      15
       7
       7
       5
      11
      11
       1
      12
       4
       5
       5
       5
       3
       7
       7
       8
       5
       8
       2
       9
       5
       4
       4
       5
       1
       5
       3
       1
       2
       2
       1
       2
       3
       4
       5
       6
       1
       5
       5
       5
       3
       1
       3
       6
       0
       0
       2
       4
       2
       0
       2
       3
       2
       2
       2
       1
       2
       2
       2
       2
       7
       0
       2
       1
       2
       3
       2
       0
       1
       3
       1
       3
       2
       0
       2
       2
       2
       2
       1
       3
       2
       0
       2
       4
       1
       2
       1
       4
       2
       0
       0
       0
       3
       0
       1
       0
       3
       0
       2
       3
       3
       0
       1
       3
       5
       2
       2
       3
       2
       0
       0
       1
       1
       3
       0
       0
       1
       4
       3
       1
       1
       2
       1
       1
       1
       2
       1
       1
       1
       0
       1
       0
       1
       1
       2
       1
       0
       3
       3
       3
       3
       1
       3
       1
       2
       1
       4
       1
       2
       0
       2
       0
       2
       1
       3
       0
       1
       1
       2
       0
       1
       0
       2
       2
       1
       1
       1
       1
       0
       1
       1
       1
       1
       4
       1
       2
       0
       0
       0
       1
       0
       2
       1
       0
       1
       1
       2
       1
       1
       1
       1
       0
       0
       1
       0
       1
       0
       2
       0
       4
       3
       2
       3
       1
       4
       1
       2
       3
       1
       1
       3
       0
       2
       2
       2
       1
       1
       3
       1
       0
       2
       3
       1
       0
       1
       1
       1
       2
       0
       1
       2
       1
       1
       1
       0
       3
       0
       1
       0
       2
       0
       0
       1
       0
       1
       1
       0
       2
       2
       0
       3
       2
       1
       2
       2
       0
       1
       0
       0
       0
       3
       0
       1
       1
       1
       0
       2
       0
       2
       1
       0
       2
       2
       1
       0
       0
       0
       1
       0
       0
       1
       3
       1
       0
       2
       2
       1
       0
       1
       0
       2
       1
       2
       1
       3
       1
       1
       1
       0
       0
       0
       0
       2
       0
       2
       0
       0
       1
       1
       0
       0
       1
       2
       0
       0
       0
       0
       1
       0
       2
       1
       1
       3
       0
       1
       1
       1
       1
       1
       2
       0
       1
       0
       0
       1
       3
       3
       0
       1
       1
       3
       0
       0
       1
       1
       2
       1
       0
       0
       3
       1
       1
       1
       1
       1
       1
       0
       1
       1
       0
       0
       0
       1
       0
       3
       0
       0
       0
       1
       0
       3
       0
       0
       0
       1
       1
       2
       0
       0
       0
       2
       1
       2
       2
       2
       1
       0
       1
       0
       2
       1
       0
       0
       2
       0
       3
       0
       2
       1
       2
       1
       0
       2
       0
       1
       1
       1
       1
       3
       3
       2
       4
       1
       2
       2
       1
       2
       0
       1
       4
       0
       3
       1
       3
       1
       1
       1
       1
       2
       3
       4
       1
       2
       2
       0
       1
       4
       3
       2
       3
       1
       2
       2
       0
       2
       1
       1
       1
       1
       0
       4
       1
       6
       2
       3
       6
       5
       2
       1
       1
       3
       3
       4
       3
       4
       7
       3
       1
       4
       6
       3
       5
       2
       5
       5
       1
       2
       3
       4
       3
       7
       4
       3
       5
      11
       5
       6
       8
       6
      11
       5
       7
      12
       6
       6
      14
       9
      11
       3
       5
      13
       5
       9
       3
      11
      17
       6
      13
      14
      12
      12
       7
      13
      16
      12
      16
      16
      16
      16
      18
      12
      16
      15
      16
      17
      16
      17
      26
      23
      21
      24
      21
      23
      25
      16
      22
      25
      17
      19
      17
      23
      18
      20
      20
      21
      32
      34
      22
      31
      25
      16
      32
      31
      25
      26
      30
      33
      32
      17
      18
      33
      24
      29
      29
      22
      28
      20
      18
      25
      30
      19
      23
      32
      27
      28
      26
      32
      26
      33
      23
      30
      25
      19
      24
      18
      22
      26
      25
      22
      31
      25
      21
      18
      23
      23
      19
      28
      15
      18
      15
      19
       9
      15
      14
      16
      16
      19
      15
      12
      24
      10
      18
       9
      15
      17
      15
      12
      16
      10
      16
       6
       9
       6
      15
      15
      15
      10
      15
       6
      14
       6
       7
      11
       5
       5
      10
       7
       7
       8
       8
       9
       7
       5
       8
       6
       5
      10
       6
      13
       8
       2
       1
       7
       4
       7
       8
       5
       4
       5
       4
       3
       6
       5
       6
       5
       3
       2
       5
       4
       4
       4
       4
       2
       2
       2
       3
       6
       2
       2
       2
       4
       4
       3
       1
       1
       2
       3
       4
       4
       2
       3
       2
       0
       4
       3
       0
       2
       2
       2
       5
       2
       2
       1
       2
       0
       1
       1
       2
       1
       1
       1
       1
       3
       5
       2
       2
       1
       1
       1
       1
       1
       0
       1
       1
       0
       1
       1
       1
       1
       2
       1
       1
       2
       1
       0
       1
       0
       3
       0
       4
       1
       4
       0
       3
       1
       0
       0
       1
       2
       1
       4
       2
       1
       1
       2
       0
       1
       1
       0
       2
       0
       0
       2
       0
       0
       1
       0
       0
       2
       1
       0
       3
       2
       0
       2
       1
       0
       2
       1
       1
       2
       1
       0
       2
       0
       1
       1
       0
       3
       0
       1
       0
       1
       1
       1
       2
       2
       1
       0
       1
       0
       1
       1
       1
       3
       4
       0
       0
       1
       0
       1
       2
       2
       0
       1
       1
       1
       1
       3
       0
       0
       2
       0
       1
       2
       0
       0
       1
       0
       1
       0
       3
       3
       2
       2
       1
       1
       0
       2
       0
       1
       4
       3
       0
       2
       0
       0
       1
       0
       0
       0
       0
       1
       1
       0
       0
       1
       4
       0
       0
       1
       3
       4
       2
       0
       4
       1
       0
       0
       1
       0
       0
       0
       0
       0
       0
       0
       0
       0
       0
       0
       0
       0
       0
       0
       0
$ROI:
1
600 854
$PRESETS:
Live Time
1200
0
$ENER_FIT:
0.000000 0.000000
$MCA_CAL:
3
0.000000E+000 0.000000E+000 0.000000E+000 
$SHAPE_CAL:
3
0.000000E+000 0.000000E+000 0.000000E+000
