$SPEC_ID:
No sample description was entered.
$SPEC_REM:
DET# 1
DETDESC# WINDOWS-E1K93MC Easy-MCA-8k SN 13260151
AP# Maestro Version 6.06
$DATE_MEA:
04/17/2019 11:40:11
$MEAS_TIM:
1300 2331
$DATA:
0 1023
       0
       0
       0
       0
       0
       0
       0
       0
       0
       0
       0
       0
       0
       0
       0
       0
       0
       0
       0
   24385
 9832655
10075118
 8980842
 7502513
 5780178
 4092699
 2606817
 1515624
  794754
  378239
  166238
   73118
   36712
   24215
   20238
   19239
   18792
   18939
   18859
   19155
   19036
   18896
   19116
   18734
   18780
   18580
   18272
   18091
   17806
   17569
   17407
   16996
   16543
   16016
   15749
   15236
   14567
   14228
   13970
   13445
   12933
   12546
   12049
   11647
   11171
   10805
   10324
    9973
    9551
    9401
    9022
    8800
    8329
    8096
    7765
    7471
    7172
    7006
    6630
    6490
    6163
    5962
    5770
    5489
    5408
    5194
    5192
    4776
    4745
    4515
    4544
    4186
    4165
    4162
    4026
    3912
    3827
    3732
    3706
    3554
    3399
    3287
    3319
    3225
    3162
    3103
    3081
    3029
    2941
    2884
    2952
    2813
    2831
    2743
    2655
    2572
    2679
    2590
    2526
    2474
    2431
    2341
    2242
    2115
    2171
    2184
    2210
    1990
    1951
    1901
    1860
    1801
    1669
    1647
    1580
    1519
    1503
    1364
    1295
    1286
    1184
    1167
    1113
    1002
    1002
     900
     934
     801
     773
     763
     707
     652
     656
     557
     520
     516
     515
     451
     440
     436
     390
     375
     351
     337
     312
     318
     289
     285
     269
     253
     236
     238
     230
     230
     238
     215
     189
     208
     180
     183
     194
     155
     164
     187
     152
     185
     161
     173
     132
     144
     143
     156
     152
     135
     141
     124
     123
     126
     133
     147
     139
     142
     135
     114
     114
     141
     135
     106
      99
     121
     103
     108
     104
     103
     108
      88
     122
     103
     105
      97
      99
      86
     106
      82
      84
      81
      76
      68
      84
      90
      81
      77
      96
      71
      61
      71
      66
      68
      55
      56
      58
      51
      58
      54
      71
      58
      45
      41
      49
      47
      41
      52
      33
      45
      42
      40
      42
      48
      38
      44
      43
      46
      41
      29
      34
      27
      47
      30
      36
      29
      39
      26
      27
      26
      23
      31
      22
      22
      31
      34
      25
      27
      23
      30
      22
      33
      19
      20
      33
      21
      20
      24
      28
      21
      27
      22
      25
      28
      28
      12
      26
      16
      20
      28
      23
      26
      17
      23
      22
      18
      20
      26
      18
      17
      24
      19
      12
      20
      31
      11
      13
      15
      23
      24
      23
      18
      11
      16
      24
      14
      13
      20
      15
      17
      17
      13
      21
      12
      22
      18
      19
      12
       7
      16
      15
      23
      23
      15
      15
      20
      24
      11
      18
      19
      14
      15
      15
      21
      15
       5
      15
      16
      11
      14
      15
      13
      14
      17
      14
      14
      15
      15
      19
      12
       9
      12
      13
      11
      12
       9
      17
      12
      13
       7
       9
      12
      16
      12
      12
       8
       8
      11
      20
      13
       7
      10
      13
      11
      17
      10
      12
       8
      11
      14
      15
      10
      10
      10
      10
       7
       7
       7
       7
      16
       8
      16
      12
      10
      13
       7
      12
       8
      11
      10
       6
       9
      10
       9
       5
       5
      14
       9
       9
      12
      10
       4
      12
       8
       4
      11
      10
       6
       6
      11
      11
      10
       8
       3
      12
       3
      10
       8
      13
       5
       9
       7
      11
       5
       8
       6
       6
       4
       9
       6
       5
       6
       6
      10
      14
       6
      10
       6
       5
      11
       8
       8
       6
       6
       9
       6
       5
       8
       4
       6
       9
       6
       5
       8
       2
       4
       6
       3
       5
       9
       5
      10
       6
       3
       5
       9
       3
       6
       8
       9
       8
       7
       7
       0
       6
       3
       3
       5
       9
       9
       4
      12
       6
       7
      10
       4
       3
       6
       4
       8
       3
       2
       9
      12
       5
       7
       7
       8
       5
       9
       8
       4
       9
       6
       5
       5
       5
       4
       7
       7
       4
       5
       2
       3
       8
       4
      13
       2
       6
       5
       5
       8
       7
       9
       7
      12
       4
      10
       5
       5
       8
       7
       8
       8
      10
       7
       7
       9
       5
       9
       5
       9
       6
       6
       9
       4
       6
       3
       9
       6
       8
       5
      13
       3
       6
      11
      11
      13
       8
      10
      10
      10
       4
       6
      10
       6
       8
      17
       9
       6
       8
       8
       6
       8
       6
      11
       9
      12
       9
       8
      13
      16
      18
      10
      13
      14
      11
      11
      13
       9
      12
      19
      14
      12
      12
      14
      22
      21
      18
      12
      18
      20
      16
      15
      17
      34
      27
      21
      25
      16
      33
      22
      24
      32
      31
      22
      34
      32
      31
      35
      31
      25
      32
      33
      34
      33
      34
      37
      31
      38
      28
      50
      38
      44
      56
      42
      45
      50
      53
      51
      50
      53
      55
      52
      51
      41
      54
      62
      59
      46
      53
      54
      44
      64
      62
      57
      67
      65
      61
      72
      82
      62
      64
      66
      63
      77
      57
      71
      80
      79
      77
      72
      75
      67
      83
      62
      77
      80
      74
      64
      75
      74
      63
      69
      80
      57
      63
      73
      75
      69
      61
      75
      70
      84
      56
      52
      73
      56
      56
      71
      69
      56
      61
      65
      48
      46
      56
      63
      61
      42
      48
      47
      66
      48
      47
      50
      43
      32
      47
      47
      57
      48
      36
      43
      40
      47
      39
      45
      36
      46
      30
      41
      30
      39
      32
      41
      36
      24
      46
      36
      39
      39
      23
      30
      26
      28
      31
      21
      26
      22
      21
      14
      27
      17
      31
      21
      23
      25
      20
      20
      28
      14
      22
      12
      16
      15
      15
      18
      17
      10
      15
      14
      21
      12
      21
       8
      10
      16
      19
      13
      13
      17
      13
      12
      14
       6
      12
       7
      13
      18
      11
      11
       6
       6
      12
       8
       5
      11
      12
       6
      10
      14
      10
       7
       8
       5
       6
       4
      11
       6
       9
       7
       5
       6
       6
       9
       4
      11
       7
       8
       3
       6
       2
       4
       4
       8
       7
       7
      11
       3
       9
       3
       4
       5
       1
       3
      10
       3
       9
       2
       5
       2
       5
       6
       4
       4
       4
       4
       6
       0
       6
       1
       8
       5
       4
       2
       6
       6
       6
       8
       6
       4
       2
       4
       3
       6
       3
       5
       2
       3
       2
       9
       2
       1
       4
       6
       3
       4
       5
       7
       6
       2
       9
       3
       0
       2
       4
       6
       0
       4
       6
       4
       3
       3
       5
       3
       3
       2
       3
       2
       5
       6
       1
       7
       2
       5
       4
       4
       2
       4
       3
       3
       7
       2
       6
       1
       7
       6
       8
       2
       1
       2
       4
       3
       6
       4
       1
       3
       2
       3
       3
       3
       5
       6
       6
       3
       4
       2
       4
       3
       6
       2
       2
       3
       5
       5
       2
       2
       5
       1
       3
       2
       4
       2
       0
       5
       6
       4
       9
       3
       5
       3
       7
       4
       3
       5
       4
       1
       6
       1
       3
       8
       5
       3
       0
       0
       0
       0
       0
       0
       0
       0
       0
       0
       0
       0
       0
       0
       0
       0
$ROI:
1
600 854
$PRESETS:
Live Time
1300
0
$ENER_FIT:
0.000000 0.000000
$MCA_CAL:
3
0.000000E+000 0.000000E+000 0.000000E+000 
$SHAPE_CAL:
3
0.000000E+000 0.000000E+000 0.000000E+000
