$SPEC_ID:
No sample description was entered.
$SPEC_REM:
DET# 1
DETDESC# WINDOWS-E1K93MC Easy-MCA-8k SN 13260151
AP# Maestro Version 6.06
$DATE_MEA:
04/17/2019 11:14:07
$MEAS_TIM:
180 180
$DATA:
0 1023
       0
       0
       0
       0
       0
       0
       0
       0
       0
       0
       0
       0
       0
       0
       0
       0
       0
       0
       0
       0
     220
     282
     274
     262
     268
     262
     267
     272
     265
     254
     257
     202
     240
     251
     254
     200
     199
     200
     193
     169
     191
     150
     145
     142
     142
     122
     134
     122
     113
      82
     102
      83
      86
      80
      90
      68
      74
      60
      83
      60
      68
      54
      54
      44
      49
      44
      47
      44
      37
      40
      30
      32
      32
      26
      31
      20
      25
      30
      25
      26
      22
      21
      17
      17
      11
      14
      16
      20
      18
       7
      18
      11
       4
      10
      14
      17
       9
      13
      10
       8
      14
       7
       9
      13
       6
      13
      15
      11
       7
      11
       7
      17
       7
      10
       4
      14
       4
       2
       4
      11
       6
       1
       6
       8
       6
       5
       2
       8
       4
       4
       4
       3
       4
       5
       4
       3
       3
       1
       3
       6
       5
       4
       2
       1
       0
       0
       6
       4
       0
       1
       0
       0
       3
       1
       0
       1
       1
       0
       3
       0
       0
       1
       1
       1
       0
       1
       2
       2
       2
       0
       0
       2
       0
       0
       1
       0
       0
       2
       0
       0
       1
       0
       0
       0
       3
       0
       0
       2
       0
       0
       0
       0
       1
       1
       3
       2
       0
       2
       1
       1
       0
       0
       2
       0
       0
       0
       1
       1
       0
       0
       2
       1
       1
       0
       0
       0
       0
       0
       1
       0
       1
       1
       1
       1
       1
       0
       1
       2
       0
       0
       0
       0
       0
       0
       3
       2
       2
       1
       0
       0
       0
       1
       1
       0
       0
       1
       0
       0
       0
       0
       0
       1
       0
       0
       1
       0
       0
       0
       1
       0
       0
       0
       0
       0
       0
       0
       0
       0
       0
       1
       1
       0
       0
       0
       0
       0
       0
       0
       1
       1
       0
       1
       0
       0
       0
       0
       0
       0
       0
       1
       0
       0
       0
       0
       0
       0
       0
       0
       0
       0
       0
       0
       0
       1
       0
       0
       0
       0
       0
       0
       0
       0
       0
       0
       0
       0
       0
       1
       1
       0
       0
       0
       0
       0
       1
       1
       1
       0
       0
       1
       0
       1
       0
       0
       0
       0
       0
       1
       0
       1
       0
       0
       0
       0
       0
       0
       0
       0
       0
       0
       0
       0
       1
       0
       0
       0
       0
       0
       0
       0
       0
       0
       0
       0
       0
       0
       0
       1
       0
       0
       0
       1
       0
       0
       0
       2
       0
       2
       0
       0
       0
       0
       1
       0
       1
       0
       0
       0
       1
       0
       0
       0
       0
       0
       0
       0
       0
       0
       0
       0
       0
       0
       0
       0
       0
       1
       0
       0
       1
       0
       0
       0
       0
       1
       0
       0
       0
       0
       0
       2
       1
       0
       2
       0
       0
       0
       1
       0
       0
       1
       1
       0
       0
       0
       0
       0
       0
       0
       0
       0
       0
       0
       0
       1
       0
       0
       0
       0
       0
       0
       0
       0
       0
       0
       0
       0
       0
       1
       1
       0
       0
       0
       0
       1
       1
       0
       0
       0
       0
       1
       0
       1
       2
       0
       0
       0
       0
       1
       0
       0
       0
       0
       0
       0
       0
       0
       0
       0
       0
       1
       1
       0
       0
       0
       0
       1
       1
       1
       0
       0
       0
       0
       0
       1
       0
       0
       0
       0
       0
       1
       0
       1
       0
       0
       0
       0
       1
       0
       0
       0
       0
       0
       0
       0
       0
       0
       0
       0
       0
       0
       1
       0
       1
       0
       1
       1
       0
       0
       0
       0
       0
       2
       1
       0
       1
       0
       0
       2
       1
       2
       0
       0
       1
       0
       0
       0
       0
       0
       0
       0
       0
       2
       0
       0
       1
       0
       1
       1
       2
       2
       0
       0
       0
       0
       1
       0
       1
       2
       0
       1
       0
       1
       0
       2
       1
       1
       1
       0
       1
       1
       0
       1
       1
       0
       1
       2
       0
       0
       0
       0
       0
       1
       1
       2
       1
       2
       2
       1
       1
       0
       1
       3
       1
       0
       1
       2
       1
       0
       0
       1
       1
       1
       2
       1
       2
       0
       3
       2
       2
       0
       0
       0
       1
       0
       1
       4
       3
       1
       1
       2
       1
       1
       2
       1
       4
       1
       3
       3
       3
       3
       2
       3
       3
       2
       5
       5
       6
       0
       2
       2
       0
       3
       5
       4
       4
       3
       7
       4
       3
       5
       6
       6
       5
       1
       5
       6
       4
       9
       7
       3
       9
       4
       6
       9
       7
       9
       8
       3
      10
       9
       7
       9
       6
      11
       6
       6
       4
      12
      13
      14
       8
       8
       6
       9
       5
       8
      10
      14
      12
       8
      12
       6
      19
       4
      13
      10
       7
       9
      11
       9
      10
      11
       9
      13
       7
       6
       6
       6
       5
      13
       6
       8
       9
      12
       9
       6
      10
       2
       7
      10
       9
      10
       8
       4
       6
       6
       8
       4
       6
       7
      11
      10
       7
       4
       7
       6
       3
       6
       2
       8
       5
       2
       3
       5
       2
       8
       3
       3
       4
       7
       5
       6
       4
       7
       0
       6
       3
       0
       3
       2
       4
       6
       2
       5
       6
       7
       1
       4
       0
       5
       2
       5
       6
       4
       4
       2
       1
       2
       5
       3
       4
       2
       1
       0
       2
       2
       2
       1
       0
       2
       1
       0
       1
       1
       0
       0
       1
       1
       2
       0
       3
       1
       1
       2
       0
       1
       0
       1
       0
       1
       3
       0
       1
       1
       0
       1
       0
       0
       2
       2
       1
       0
       1
       2
       2
       0
       1
       0
       0
       0
       1
       0
       1
       0
       1
       0
       0
       0
       0
       2
       0
       0
       0
       2
       0
       0
       0
       0
       1
       1
       0
       2
       2
       0
       1
       1
       0
       0
       1
       1
       0
       0
       0
       0
       0
       0
       0
       0
       1
       1
       1
       0
       0
       0
       0
       1
       0
       1
       0
       1
       0
       0
       1
       1
       0
       0
       0
       0
       1
       1
       0
       0
       1
       2
       0
       0
       0
       0
       1
       0
       0
       0
       0
       0
       0
       1
       0
       0
       0
       0
       0
       1
       0
       0
       0
       0
       0
       0
       0
       1
       0
       0
       1
       1
       0
       0
       0
       0
       0
       0
       0
       1
       0
       0
       1
       1
       0
       0
       0
       1
       0
       0
       0
       0
       0
       0
       2
       0
       1
       0
       0
       0
       0
       2
       0
       1
       0
       1
       0
       0
       0
       0
       0
       0
       1
       1
       0
       0
       0
       0
       1
       0
       0
       0
       0
       0
       0
       0
       2
       1
       0
       1
       0
       0
       1
       0
       0
       0
       0
       0
       0
       0
       0
       0
       0
       0
       0
       0
       0
       0
       0
       0
       0
       0
$ROI:
1
590 1022
$PRESETS:
Live Time
180
0
$ENER_FIT:
0.000000 0.000000
$MCA_CAL:
3
0.000000E+000 0.000000E+000 0.000000E+000 
$SHAPE_CAL:
3
0.000000E+000 0.000000E+000 0.000000E+000
