$SPEC_ID:
No sample description was entered.
$SPEC_REM:
DET# 1
DETDESC# WINDOWS-E1K93MC Easy-MCA-8k SN 13260151
AP# Maestro Version 6.06
$DATE_MEA:
04/17/2019 12:23:51
$MEAS_TIM:
480 872
$DATA:
0 1023
       0
       0
       0
       0
       0
       0
       0
       0
       0
       0
       0
       0
       0
       0
       0
       0
       0
       0
       0
    9377
 3649700
 3809988
 3479792
 3004132
 2405287
 1785911
 1188591
  725968
  399974
  200170
   90593
   38818
   17301
    9089
    6339
    5492
    5123
    5240
    5167
    5186
    5236
    4998
    4959
    4998
    4873
    4953
    4853
    4905
    4738
    4698
    4553
    4453
    4328
    4130
    4025
    3961
    3919
    3732
    3607
    3487
    3237
    3146
    3051
    2850
    2855
    2611
    2675
    2515
    2447
    2343
    2263
    2171
    2069
    1983
    1951
    1798
    1752
    1706
    1670
    1595
    1502
    1511
    1379
    1366
    1224
    1225
    1195
    1116
    1069
    1039
    1047
     996
     983
     984
     884
     889
     882
     845
     755
     811
     700
     755
     776
     752
     694
     724
     712
     662
     665
     645
     653
     601
     622
     558
     610
     595
     571
     568
     557
     516
     511
     503
     472
     518
     472
     447
     410
     391
     405
     380
     371
     360
     333
     330
     333
     328
     317
     319
     293
     248
     241
     250
     232
     231
     212
     207
     180
     156
     165
     139
     161
     140
     130
     125
     126
     114
      99
      97
      93
     100
      97
      82
      69
      78
      61
      69
      69
      43
      67
      58
      56
      52
      51
      46
      46
      48
      41
      55
      26
      45
      46
      38
      46
      43
      39
      41
      31
      36
      43
      39
      33
      34
      26
      31
      29
      35
      33
      19
      26
      35
      36
      24
      32
      24
      30
      26
      22
      14
      30
      22
      20
      22
      36
      25
      28
      27
      15
      22
      31
      23
      25
      17
      16
      27
      19
      21
      22
      21
      11
      25
      14
      12
      22
      17
      14
      16
      23
      14
      13
      11
      13
       7
       7
      10
      14
      16
      11
      10
      15
      11
      15
      15
      15
      12
       9
      13
      10
       7
       8
       8
       8
       6
      14
      16
      11
       3
      12
      11
       7
       8
      13
       4
      11
      11
       8
       8
       9
      12
       9
       8
       5
       5
       8
       6
      10
       8
       9
       7
      10
       9
       5
       7
       7
      15
       4
       9
       6
       4
       9
       9
      10
       6
       8
       6
       6
       7
      11
      11
       3
       6
       6
       9
      10
       6
       6
       3
       9
       4
       8
      12
       3
       2
       5
       3
       4
       6
       7
       4
       3
      12
       8
      10
       7
       6
       6
       5
       4
      11
       6
       5
       3
       9
       4
       2
       6
       8
       3
       6
       5
       9
       5
       7
       2
       4
       2
       4
       2
       4
       5
       3
       2
       4
       7
       6
       2
       4
       4
       6
       7
       5
      10
       5
       4
       7
       4
       8
       9
       5
       5
       6
       4
       5
       2
       5
       5
       6
       2
       1
       4
       2
       2
      10
       2
       6
       3
       6
       6
       4
       7
       1
       4
       3
       5
       3
       4
       3
       0
       4
       6
       4
       4
       5
       4
       2
       3
       6
       1
       2
       7
       2
       5
       0
       5
       6
       4
       7
       2
       5
       1
       7
       3
       8
       5
       3
       1
       6
       5
       3
       5
       1
       3
       6
       4
       3
       8
       7
       1
       4
       4
       6
       7
       5
       4
       3
       0
       4
       4
       2
       9
       4
       3
       2
       4
       4
       3
       2
       6
       3
       4
       1
       5
       1
       7
       3
       1
       1
       3
       6
       6
       3
       3
       1
       3
       6
       1
       3
       4
       5
       6
       5
       3
       1
       2
       4
       4
       5
       7
       3
       6
       5
       1
       2
       8
       4
       1
       2
       4
       4
       4
       6
       4
       3
       5
       2
       5
       2
       0
       3
       4
       5
       4
       7
       5
       4
       5
       7
       4
       3
       4
       3
       5
       3
       6
       2
       8
       6
       2
       3
       6
       2
       5
       3
       4
       4
       3
       2
       9
       4
       4
      11
       4
       4
       5
       3
       7
       8
       5
       3
       7
       5
      10
       9
       4
       4
       5
       4
       5
       7
       8
      10
       8
       5
       9
       8
       7
       4
       7
      13
       5
       9
       9
       7
       7
       8
       6
      10
       8
       9
      11
       8
       5
       7
       9
       9
       9
       9
      15
      15
      10
      11
       9
       7
       4
      11
      10
       8
      10
       8
      15
      11
      13
       9
      13
      12
      15
      13
      15
      14
      19
      13
      20
      20
      12
      20
      21
      20
      20
      19
      19
      25
      20
      18
      30
      28
      26
      30
      32
      15
      29
      23
      28
      44
      30
      39
      34
      28
      23
      38
      41
      39
      41
      43
      48
      46
      43
      39
      49
      50
      50
      47
      54
      58
      57
      48
      61
      50
      50
      62
      63
      59
      67
      80
      60
      60
      81
      69
      67
      70
      67
      70
      80
      93
      94
      86
      90
      76
      88
     100
      82
      85
      99
      94
     102
      75
      80
      98
      98
     107
      86
     106
      80
     106
      87
     108
     103
     110
     101
     111
     109
     113
     114
      88
     113
     102
     111
     112
     100
      92
     115
      96
     100
      95
     114
     101
      90
      90
      95
     106
     101
     108
      85
      90
      90
      90
      89
      96
      85
      98
      88
      81
      73
      77
      82
      77
      69
      76
      77
      92
      74
      78
      67
      54
      63
      64
      64
      79
      55
      54
      58
      53
      68
      60
      52
      54
      63
      62
      61
      67
      49
      45
      51
      49
      44
      42
      51
      36
      45
      34
      43
      32
      44
      43
      23
      36
      43
      37
      29
      35
      35
      33
      21
      32
      28
      40
      33
      27
      42
      22
      27
      32
      22
      20
      27
      20
      17
      26
      29
      29
      23
      19
      15
      17
      20
      10
      12
      16
      15
      22
      24
       8
      19
      20
      15
      16
      19
      12
      10
      10
      10
      14
      17
      10
       6
      21
      15
       9
       8
      12
       9
       5
      12
       8
      11
      12
      13
      10
       6
      10
      14
       8
       9
       5
      13
      10
       6
      15
       7
       4
       9
       8
       6
       8
      10
       3
       4
       7
       5
       6
       7
       4
       3
      10
       9
       7
       4
       4
       5
       8
       3
       1
       1
       1
       4
       1
       2
       2
       3
       3
       6
       5
       5
       8
       8
       2
       5
       2
       5
       5
       4
      10
       2
       7
       3
       6
       4
       5
       4
       2
       9
       9
       1
       6
       6
       5
       5
       7
       6
       3
       3
       1
       9
       5
       4
       4
       4
       5
       5
       6
       6
       2
       3
       7
       5
       3
       1
       3
       3
       6
       5
       5
       3
       6
       7
       6
       8
       5
       6
       3
       5
       2
       5
       8
       2
       2
       5
       6
       3
       8
       6
       5
       5
       6
       4
       8
       2
       8
       1
       7
       1
       6
       7
       2
       3
       6
       9
       5
       8
       5
       6
       6
       3
       7
       5
       1
       4
       7
      11
       3
       6
       3
       0
       5
       2
       2
       5
       5
       2
       4
       5
       0
       6
       4
       6
       5
       6
       3
       4
       8
       0
       0
       0
       0
       0
       0
       0
       0
       0
       0
       0
       0
       0
       0
       0
       0
$ROI:
1
600 854
$PRESETS:
Live Time
480
0
$ENER_FIT:
0.000000 0.000000
$MCA_CAL:
3
0.000000E+000 0.000000E+000 0.000000E+000 
$SHAPE_CAL:
3
0.000000E+000 0.000000E+000 0.000000E+000
