$SPEC_ID:
No sample description was entered.
$SPEC_REM:
DET# 1
DETDESC# WINDOWS-E1K93MC Easy-MCA-8k SN 13260151
AP# Maestro Version 6.06
$DATE_MEA:
04/17/2019 12:49:47
$MEAS_TIM:
360 728
$DATA:
0 1023
       0
       0
       0
       0
       0
       0
       0
       0
       0
       0
       0
       0
       0
       0
       0
       0
       0
       0
       0
    7960
 2749672
 3081507
 3109542
 3047336
 2883092
 2615301
 2238657
 1786382
 1318526
  884040
  545068
  302834
  152067
   68729
   28898
   11589
    5003
    2979
    2323
    2139
    2134
    2108
    1989
    1890
    1913
    1841
    1872
    1791
    1874
    1738
    1749
    1650
    1587
    1576
    1497
    1464
    1376
    1381
    1283
    1277
    1183
    1139
    1138
    1036
    1069
     990
     974
     881
     904
     815
     755
     768
     757
     652
     683
     562
     597
     560
     540
     483
     539
     492
     495
     443
     415
     371
     394
     373
     371
     326
     296
     283
     283
     305
     277
     292
     257
     262
     245
     265
     221
     223
     228
     207
     216
     206
     172
     212
     163
     166
     166
     172
     161
     140
     174
     142
     155
     154
     141
     139
     124
     110
     125
     108
     117
     114
     119
     118
     104
     103
     112
     100
      97
      90
      87
      81
      84
      71
      70
      84
      60
      73
      62
      74
      63
      58
      64
      51
      47
      37
      43
      47
      38
      42
      54
      42
      27
      40
      31
      28
      24
      15
      36
      22
      27
      18
      11
      15
      26
      23
      18
       8
      27
      21
      15
      12
      13
      17
      22
      13
      16
      11
      12
       9
      17
      12
       9
      15
       8
      11
      14
       6
       7
      11
      10
       8
       9
      19
       6
      10
       4
      14
       8
       5
      14
       8
      12
      18
      12
      10
      10
      12
       4
       9
       5
      10
      12
      13
       7
       7
      10
       3
      11
       7
       7
       7
       9
       9
       2
       9
       7
       6
       7
       7
      11
       6
       7
       9
       7
       3
       6
       9
       4
      15
       8
       3
       8
       7
      10
       6
       8
       9
       2
       8
       4
       6
       1
       5
       5
       1
       8
       5
       5
       7
       7
       9
       7
      10
       4
       4
       5
       3
       2
       4
       2
       5
       5
       7
       1
       5
       6
       2
       5
       1
       3
       4
       4
       5
       3
       3
       1
       7
       6
       2
       6
       1
       4
       3
       2
       2
       5
       5
       4
       5
       5
       6
       0
       4
       1
       3
       2
       4
       4
       1
       6
       0
       4
       5
       3
       5
       5
       2
       2
       5
       4
       3
       6
       2
       6
       5
       5
       9
       5
       2
       3
       2
       1
       4
       1
       1
       3
       4
       3
       6
       7
       1
       3
       3
       2
       2
       4
       5
       3
       2
       1
       2
       6
       4
       6
       4
       3
       2
       2
       4
       2
       1
       3
       5
       2
       3
       9
       3
       6
       3
       2
       1
       2
       2
       4
       2
       3
       4
       4
       6
       4
       2
       3
       5
       3
       4
       3
       5
       4
       5
       5
       4
       0
       6
       3
       2
       3
       1
       1
       2
       3
       2
       2
       4
       3
       6
       3
       2
       5
       6
       2
       2
       3
       2
       3
       3
       4
       6
       4
       5
       2
       2
       1
       4
       4
       3
       4
       2
       2
       2
       3
       4
       2
       1
       1
       1
       5
       2
       2
       3
       4
       6
       3
       3
       3
       1
       4
       5
       4
       1
       0
       3
       1
       2
       1
       1
       4
       2
       0
       1
       4
       3
       7
       0
       0
       4
       3
       0
       2
       4
       1
       1
       1
       4
       3
       3
       4
       1
       3
       2
       1
       3
       0
       4
       3
       2
       1
       2
       3
       4
       5
       2
       4
       2
       2
       1
       1
       5
       4
       4
       5
       5
       1
       4
       4
       3
       2
       3
       2
       6
       5
       2
       5
       6
       5
       1
       4
       1
       3
       6
       3
       4
       2
       4
       4
       4
       4
       2
       3
       5
       1
       2
       6
       3
       6
       4
       6
       7
       6
       5
       2
       6
       3
       3
       0
       2
       4
       4
       5
      10
       7
       7
       7
       4
       5
       2
       4
      10
       3
       2
       3
       2
      10
      10
       6
       5
      10
       7
       6
       9
      13
       8
       7
       7
      10
       6
      14
       9
       7
       6
       8
       3
      12
       6
       8
       4
       6
      10
      12
       9
       7
       6
      10
       8
       6
      10
      11
       4
       9
      12
       3
      11
      10
       8
      11
      11
      15
       8
       9
      14
      11
      15
      10
      12
      17
      19
      16
      13
      14
      12
      18
      13
      14
      14
      16
      17
      11
      21
      15
      16
      22
      22
      26
      31
      28
      30
      21
      21
      27
      34
      19
      31
      37
      31
      32
      29
      27
      31
      39
      31
      44
      43
      42
      44
      36
      56
      39
      49
      51
      47
      40
      58
      42
      45
      58
      51
      50
      60
      62
      73
      55
      52
      58
      67
      75
      76
      90
      65
      69
      78
      76
      81
      86
      79
      99
      81
      87
      87
      95
     104
     111
      93
      98
      93
      89
     116
      92
      96
      92
      94
     100
     117
      98
     114
     125
      90
      95
     115
      84
     115
     105
     114
     106
      88
     101
     132
     107
     115
     110
      96
     103
      99
      99
      99
     103
      87
     120
     103
      92
     116
      93
      94
      86
     109
      92
     100
      91
      82
      92
      89
      85
      89
      92
      87
      86
      75
      89
      85
      85
      78
      63
      77
      77
      90
      73
      72
      67
      59
      58
      67
      63
      69
      61
      75
      56
      44
      59
      56
      63
      68
      44
      60
      52
      45
      49
      36
      57
      49
      45
      40
      46
      48
      49
      35
      40
      41
      40
      28
      33
      41
      40
      33
      43
      30
      20
      33
      25
      27
      23
      24
      30
      23
      25
      29
      18
      23
      23
      18
      12
      23
      19
      15
      27
      17
      21
      20
      23
      21
      18
      13
      18
      18
      24
      17
      14
      17
      19
      18
       8
      11
      10
      15
      11
      11
       7
      17
       6
      13
       8
      12
      14
      11
       9
      10
       7
       9
      10
       6
       8
       8
       7
       8
       6
       4
       6
      10
       9
       5
       5
       8
       7
       2
       5
       4
       8
       5
       2
       7
       8
       7
       4
       3
       9
       6
       5
      10
       6
       8
      13
       1
       6
       4
       4
       7
       6
       8
       5
       5
       8
       5
       5
       5
       4
       6
       5
       7
       3
       8
       5
       3
       7
      10
       5
       4
       3
       5
       3
       4
       2
       5
       9
       6
       2
       6
       3
       5
       4
       7
       3
       5
       3
       8
       4
       5
       6
       4
       1
       4
       9
       3
       2
       7
       3
       1
       1
       7
       9
       9
       8
       5
       1
       3
       9
       5
       3
       6
       6
       7
       1
       5
       5
       3
       2
       5
      10
       3
       3
       5
       5
       3
       5
       8
       3
       0
       8
       1
       1
       3
       1
       6
       1
       5
       3
       1
       4
       4
       8
       9
       5
       6
       1
       3
       6
       8
       7
       8
       6
       4
       1
       5
       2
       4
       7
       2
       3
       3
       6
       3
       3
       3
       1
       3
       4
       7
       0
       0
       0
       0
       0
       0
       0
       0
       0
       0
       0
       0
       0
       0
       0
       0
$ROI:
1
600 854
$PRESETS:
Live Time
360
0
$ENER_FIT:
0.000000 0.000000
$MCA_CAL:
3
0.000000E+000 0.000000E+000 0.000000E+000 
$SHAPE_CAL:
3
0.000000E+000 0.000000E+000 0.000000E+000
