$SPEC_ID:
No sample description was entered.
$SPEC_REM:
DET# 1
DETDESC# WINDOWS-E1K93MC Easy-MCA-8k SN 13260151
AP# Maestro Version 6.06
$DATE_MEA:
04/17/2019 12:56:00
$MEAS_TIM:
1260 1261
$DATA:
0 1023
       0
       0
       0
       0
       0
       0
       0
       0
       0
       0
       0
       0
       0
       0
       0
       0
       0
       0
       0
       3
    2889
    3277
    3363
    3254
    3349
    3291
    3162
    3191
    3171
    3040
    3022
    2956
    2860
    2786
    2712
    2451
    2365
    2388
    2228
    2109
    2027
    1929
    1794
    1775
    1642
    1558
    1472
    1417
    1283
    1269
    1209
    1134
     997
     977
     980
     920
     862
     834
     759
     706
     685
     637
     625
     588
     569
     530
     509
     516
     435
     398
     414
     373
     353
     361
     285
     307
     279
     300
     261
     295
     236
     242
     227
     225
     229
     190
     196
     180
     171
     157
     165
     165
     148
     141
     160
     146
     145
     144
     151
     136
     123
     138
     136
     132
     131
     136
     123
     129
     137
     101
     109
      96
     103
     102
      93
     103
      91
      94
     103
      78
      96
      76
      88
      77
      67
      62
      64
      56
      74
      55
      45
      46
      44
      36
      46
      38
      34
      34
      30
      24
      27
      25
      29
      19
      19
      28
      20
      17
      22
      20
      22
      22
      13
      24
      14
      14
      17
      17
      17
      21
       9
       7
      13
      11
      13
      11
       8
      12
      15
       8
       7
      17
       8
       8
      12
       9
       5
       8
       8
       9
      12
       5
      16
      12
       7
      10
       8
      10
       9
       8
      10
       8
       6
      10
      11
      12
       7
       8
       5
       6
      16
       6
       3
       8
      12
      10
       5
       9
       8
       5
       4
      12
       6
       6
      11
       6
       5
      12
       5
       4
      13
       6
       8
       6
       4
       5
       2
       6
       5
       6
       4
       2
       6
       4
       9
       7
       4
       2
       4
       5
       2
       6
       6
       3
       9
       7
       3
       4
       4
       2
       5
       3
       4
       7
       5
       4
       4
       9
       8
       7
       5
       4
       3
      10
       2
       9
       8
       6
       4
       6
       7
       4
       6
       5
       4
       2
       6
       5
       1
       4
       0
      12
       8
       4
       4
       5
       1
       4
       8
       4
       2
       3
       5
       1
       2
       2
       4
       4
       3
       7
       3
       4
       3
       1
       1
       7
       3
       4
       7
       3
       7
       5
       5
       5
       3
       3
       5
       7
       2
       4
       5
       5
       5
      11
       5
       2
       2
       1
       2
       4
       4
       3
       4
       5
       2
       3
       6
       1
       6
       5
       5
       3
       5
       2
       3
       5
       2
       3
       5
       3
       4
       3
       2
       3
       3
       3
       3
       2
       6
       3
       2
       3
       1
       4
       4
       5
       2
       1
       4
       8
       1
       2
       3
       4
       1
       1
       3
       0
       4
       3
       1
       5
       1
       2
       4
       3
       3
       1
       3
       0
       3
       5
       1
       2
       4
       4
       7
       3
       8
       3
       0
       4
       5
       5
       3
       2
       2
       5
       4
       3
       0
       2
       5
       3
       3
       2
       2
       3
       2
       4
       1
       2
       3
       0
       5
       6
       1
       4
       3
       3
       2
       1
       3
       4
       0
       2
       5
       3
       3
       1
       3
       7
       5
       3
       3
       3
       2
       3
       3
       3
       1
       3
       1
       4
       2
       6
       3
       3
       2
       1
       4
       5
       6
       4
       5
       0
       4
       2
       0
       1
       1
       7
       2
       2
       3
       4
       4
       4
       5
       4
       2
       3
       2
       3
       2
       2
       2
       2
       2
       5
       3
       5
       3
       2
       4
       1
       3
       6
       2
       4
       3
       5
       3
       4
       6
       2
       3
       2
       5
       3
       1
       0
       2
       1
       7
       2
       4
       1
       1
       6
       5
       9
       2
       5
       2
       4
       2
       1
       2
       7
       3
       5
       3
      10
       5
       2
       5
       8
       4
       5
       4
       5
       8
       9
       4
       5
       2
       5
       5
       2
       4
       7
       3
       7
       5
       6
       6
       7
       8
       5
       3
       5
       7
      11
       9
       6
       4
       4
       5
       8
      10
       8
       8
       4
       7
       6
       9
      11
      10
       6
       9
       6
       7
      15
       7
       9
       7
      11
       9
      11
      10
      16
      11
      11
      11
       8
      12
       8
      10
      15
       7
      14
      13
       9
      13
      12
      12
       9
      14
      12
      18
      14
      15
      17
       7
      16
      11
       9
      15
      19
      15
      17
      17
      19
      23
      32
      35
      21
      24
      27
      21
      22
      21
      27
      32
      34
      40
      19
      29
      27
      24
      27
      36
      34
      32
      46
      36
      39
      40
      32
      45
      48
      49
      44
      58
      45
      56
      44
      61
      55
      51
      85
      65
      55
      69
      68
      72
      74
      79
      90
      64
      66
      73
      74
      70
      84
      79
      86
      94
      97
      74
     114
      96
      96
      94
     103
     102
     110
     103
     109
      88
     104
      98
     105
      98
     120
     119
     106
     120
     112
     131
     108
     102
     106
     125
     132
     110
     117
     111
     125
     109
     114
     103
     113
     101
     101
     107
     108
     108
     112
     113
      99
     103
      91
     105
      97
      95
      97
     107
     113
      83
      99
      88
      88
      87
      92
      76
      91
      88
      72
      92
      92
      64
      78
      65
      81
      70
      72
      73
      68
      65
      77
      65
      59
      53
      51
      59
      61
      57
      49
      50
      56
      58
      50
      45
      54
      40
      50
      34
      47
      45
      48
      40
      32
      35
      39
      39
      45
      36
      24
      32
      27
      34
      28
      27
      24
      35
      40
      20
      34
      33
      31
      27
      24
      20
      34
      17
      17
      20
      34
      24
      21
      15
      17
      19
      18
       9
      17
      17
      13
      19
      10
      12
      17
      18
      18
      17
      14
       9
      13
      13
      17
      12
      10
      11
      22
      11
      12
      17
       7
      14
      12
      14
       9
      10
      11
       7
      13
       7
       7
       7
       8
       8
       9
      12
       6
       4
       5
      13
       5
      11
       7
       8
       8
      10
       5
       7
       6
       9
       7
       6
       5
       6
       4
       3
      11
       6
       3
       3
       6
       7
       6
       6
       5
       5
       4
       3
       3
       5
       4
       6
       1
       5
       4
       7
       8
       1
       7
       2
       7
       4
       4
       2
       5
       3
       2
       4
       7
       5
       7
       4
       9
       1
       3
       3
       4
       4
       3
       7
       4
       4
       3
       3
       3
       3
       4
       3
       4
       5
       1
       4
       6
       3
       3
       1
      13
       4
       2
       6
       3
       1
       4
       4
       3
       5
       4
       2
       4
       3
       6
       5
       6
       3
       4
       5
       6
       5
       4
       6
       3
       4
       5
       3
       6
       6
       6
       7
       6
       6
       3
       3
       6
       2
       7
       2
       5
       6
      10
       4
       5
       7
       8
       4
       7
       4
       1
       2
       6
       4
       3
       9
       4
       6
       3
       4
       4
       1
       4
       6
       4
       4
       9
       7
       6
       6
       4
       4
       4
       4
       6
       5
       2
       4
       2
       5
       5
       5
       8
       0
       0
       0
       0
       0
       0
       0
       0
       0
       0
       0
       0
       0
       0
       0
       0
$ROI:
1
600 854
$PRESETS:
Live Time
1260
0
$ENER_FIT:
0.000000 0.000000
$MCA_CAL:
3
0.000000E+000 0.000000E+000 0.000000E+000 
$SHAPE_CAL:
3
0.000000E+000 0.000000E+000 0.000000E+000
