$SPEC_ID:
No sample description was entered.
$SPEC_REM:
DET# 1
DETDESC# WINDOWS-E1K93MC Easy-MCA-2k SN 13158080
AP# Maestro Version 6.06
$DATE_MEA:
04/18/2019 14:32:48
$MEAS_TIM:
300 1139
$DATA:
0 2047
       0
       0
       0
       0
       0
       0
       0
       0
       0
       0
       0
       0
       0
       0
       0
       0
       0
       0
       0
       0
       0
       0
       0
       0
       0
       0
       0
       0
       0
       0
       0
       0
       0
       0
       0
       0
       0
       0
       0
       0
       0
       0
       0
       0
       0
       0
       0
       0
       0
       0
       0
       0
       0
       0
       0
       0
       0
       0
       0
       0
       0
       0
       0
       0
       0
       0
       0
       0
       0
       0
       0
       0
       0
       0
       0
       0
       0
       0
       0
       0
       0
       0
       0
       0
       0
       0
       0
       0
       0
       0
       0
       0
       0
       0
       0
       0
       0
       0
       0
      31
   16662
   22850
   22707
   22174
   22160
   21684
   21366
   21075
   20946
   20459
   20065
   19987
   19650
   19130
   19301
   18764
   18996
   18104
   18268
   18138
   17999
   17864
   17473
   17272
   17056
   16838
   16464
   16432
   16265
   16074
   15895
   15741
   15682
   15233
   15488
   15192
   14931
   14975
   14620
   14454
   14415
   14243
   13953
   14112
   13959
   13693
   13666
   13402
   13607
   13386
   13282
   13069
   12855
   12891
   12736
   12478
   12453
   12384
   12283
   12357
   12257
   11845
   11822
   11741
   11721
   11792
   11513
   11679
   11358
   11262
   11094
   11124
   10964
   11015
   10677
   10808
   10447
   10670
   10585
   10319
   10249
   10252
   10236
   10273
    9999
    9697
    9955
    9947
    9996
    9664
    9801
    9643
    9649
    9427
    9391
    9477
    9338
    9197
    9216
    9115
    9165
    9104
    8955
    9005
    8761
    8912
    8816
    8774
    8404
    8546
    8619
    8295
    8368
    8541
    8261
    8272
    8102
    8156
    8063
    8198
    8205
    8013
    8050
    8008
    7910
    7686
    7883
    7903
    7840
    7709
    7699
    7682
    7429
    7537
    7419
    7544
    7447
    7142
    7342
    7179
    7057
    7254
    7286
    7151
    7179
    7154
    7039
    7053
    6858
    6908
    6887
    6746
    6752
    6673
    6728
    6775
    6720
    6702
    6636
    6643
    6613
    6669
    6427
    6567
    6439
    6704
    6494
    6454
    6270
    6491
    6323
    6269
    6194
    6204
    6261
    6206
    6045
    6081
    6216
    6079
    6084
    6071
    5895
    5860
    5919
    5925
    5976
    5910
    5927
    5786
    5717
    5619
    5819
    5754
    5814
    5715
    5810
    5615
    5546
    5547
    5579
    5515
    5591
    5475
    5483
    5457
    5354
    5360
    5419
    5339
    5349
    5344
    5304
    5211
    5237
    5093
    5162
    5313
    5037
    5185
    5080
    5201
    5045
    5132
    5045
    4914
    5095
    5037
    4935
    5044
    4809
    4906
    4893
    5012
    4836
    4759
    4827
    4696
    4793
    4744
    4745
    4725
    4671
    4746
    4675
    4696
    4730
    4709
    4702
    4547
    4530
    4614
    4580
    4543
    4604
    4490
    4346
    4516
    4480
    4443
    4455
    4478
    4384
    4432
    4332
    4418
    4177
    4373
    4252
    4283
    4229
    4301
    4235
    4220
    4193
    4103
    4316
    4076
    4126
    4228
    4152
    4232
    4157
    4012
    4014
    4053
    4059
    4043
    3956
    3962
    3835
    3958
    3939
    4010
    3929
    3965
    3901
    3894
    3895
    3978
    3869
    3860
    3839
    3885
    3791
    3769
    3767
    3761
    3625
    3702
    3747
    3738
    3726
    3847
    3711
    3675
    3646
    3656
    3627
    3638
    3640
    3586
    3569
    3563
    3591
    3587
    3537
    3487
    3517
    3545
    3526
    3495
    3573
    3586
    3448
    3488
    3563
    3417
    3429
    3345
    3330
    3349
    3349
    3265
    3349
    3280
    3387
    3327
    3273
    3211
    3320
    3222
    3220
    3280
    3319
    3308
    3225
    3195
    3126
    3193
    3272
    3178
    3121
    3145
    3117
    3204
    3171
    3109
    3187
    3049
    3119
    3043
    3144
    3108
    3166
    3096
    2969
    3030
    3018
    3041
    3007
    2927
    2898
    2966
    2996
    2920
    2999
    3054
    2960
    2961
    2901
    2833
    2897
    2919
    2994
    2869
    2869
    2825
    2903
    2741
    2764
    2732
    2790
    2836
    2844
    2796
    2777
    2792
    2676
    2738
    2817
    2713
    2707
    2761
    2750
    2705
    2709
    2671
    2640
    2623
    2714
    2610
    2576
    2694
    2643
    2668
    2570
    2648
    2654
    2562
    2727
    2578
    2628
    2645
    2618
    2659
    2527
    2562
    2512
    2548
    2504
    2541
    2526
    2479
    2486
    2514
    2397
    2496
    2546
    2523
    2512
    2466
    2415
    2489
    2483
    2436
    2394
    2385
    2439
    2351
    2411
    2475
    2293
    2349
    2407
    2433
    2419
    2414
    2359
    2336
    2233
    2323
    2323
    2305
    2346
    2301
    2264
    2295
    2371
    2344
    2296
    2295
    2273
    2178
    2262
    2244
    2250
    2237
    2162
    2219
    2226
    2163
    2208
    2132
    2237
    2157
    2179
    2201
    2176
    2183
    2214
    2169
    2208
    2200
    2150
    2170
    2127
    2124
    2127
    2118
    2143
    2159
    2110
    2046
    2079
    2032
    2121
    2078
    2024
    2050
    2048
    2054
    2064
    1977
    1962
    2121
    2007
    2040
    2037
    1956
    2005
    1967
    2002
    1949
    2040
    1987
    2009
    1945
    1944
    2015
    1846
    1903
    1928
    1895
    1954
    1951
    1874
    1901
    1817
    1985
    1921
    1938
    1889
    1904
    1980
    1911
    1884
    1773
    1897
    1879
    1789
    1826
    1783
    1808
    1846
    1802
    1724
    1812
    1758
    1844
    1856
    1818
    1798
    1766
    1762
    1770
    1770
    1738
    1776
    1781
    1786
    1729
    1767
    1686
    1674
    1705
    1723
    1741
    1785
    1762
    1732
    1776
    1694
    1678
    1707
    1702
    1737
    1757
    1686
    1687
    1625
    1635
    1659
    1667
    1679
    1646
    1653
    1639
    1592
    1625
    1642
    1575
    1676
    1632
    1618
    1655
    1573
    1610
    1653
    1608
    1571
    1601
    1638
    1586
    1588
    1607
    1611
    1565
    1653
    1559
    1498
    1549
    1538
    1532
    1519
    1565
    1489
    1547
    1485
    1506
    1587
    1565
    1464
    1520
    1543
    1470
    1511
    1442
    1509
    1425
    1521
    1509
    1497
    1453
    1430
    1430
    1446
    1470
    1467
    1463
    1461
    1375
    1428
    1367
    1403
    1493
    1421
    1401
    1432
    1428
    1362
    1383
    1464
    1373
    1403
    1379
    1456
    1391
    1352
    1343
    1383
    1328
    1394
    1315
    1358
    1378
    1385
    1341
    1329
    1335
    1354
    1322
    1288
    1346
    1319
    1347
    1354
    1369
    1329
    1307
    1257
    1359
    1303
    1290
    1278
    1298
    1327
    1325
    1291
    1310
    1271
    1219
    1217
    1290
    1268
    1230
    1383
    1326
    1309
    1266
    1274
    1254
    1191
    1221
    1286
    1205
    1219
    1243
    1215
    1247
    1255
    1177
    1166
    1242
    1242
    1229
    1180
    1204
    1194
    1229
    1240
    1184
    1189
    1168
    1202
    1193
    1195
    1239
    1184
    1163
    1196
    1200
    1206
    1163
    1155
    1138
    1133
    1098
    1164
    1173
    1085
    1183
    1176
    1212
    1170
    1151
    1091
    1121
    1140
    1164
    1148
    1090
    1105
    1109
    1102
    1132
    1156
    1129
    1103
    1071
    1075
    1107
    1033
    1108
    1093
    1095
    1079
    1107
    1017
    1038
    1145
    1042
    1068
    1037
    1082
    1012
    1023
    1019
    1080
    1099
    1074
    1008
    1042
    1103
    1010
    1073
    1037
     991
    1046
    1000
    1040
    1080
    1021
    1026
    1021
    1069
    1018
    1006
    1017
    1028
    1022
     997
     959
    1026
     945
    1051
    1003
     962
    1068
     952
     943
     960
     960
     896
     969
     945
     940
     937
     954
    1008
     920
    1023
     946
     897
     968
    1054
     918
    1004
     949
     952
     944
     939
    1026
     896
     930
     936
     886
     920
     894
     913
     962
     906
     947
     922
     868
     945
     946
     934
     906
     942
     890
     934
     912
     913
     853
     887
     917
     877
     880
     870
     887
     928
     964
     862
     916
     964
     863
     906
     874
     891
     879
     886
     896
     894
     898
     831
     876
     876
     846
     883
     840
     877
     847
     896
     831
     838
     875
     892
     871
     795
     900
     903
     883
     888
     879
     839
     868
     893
     848
     851
     835
     921
     828
     822
     832
     836
     864
     823
     889
     820
     874
     846
     848
     843
     888
     832
     821
     845
     814
     826
     855
     860
     800
     872
     821
     794
     874
     800
     802
     819
     902
     896
     866
     828
     857
     810
     802
     870
     874
     805
     828
     854
     820
     871
     874
     815
     810
     834
     839
     850
     817
     817
     835
     867
     821
     821
     885
     840
     888
     859
     851
     859
     862
     858
     834
     856
     871
     833
     834
     859
     857
     832
     797
     861
     828
     910
     821
     828
     823
     843
     810
     915
     861
     817
     832
     898
     877
     821
     863
     870
     901
     856
     941
     910
     844
     887
     855
     902
     853
     914
     915
     895
     865
     833
     926
     866
     923
     928
     869
     896
     913
     905
     869
     914
     939
     894
     927
     959
     922
     915
     946
     927
     933
     956
     954
     950
     949
     891
     941
     933
     954
     966
     936
     936
     941
     939
     988
    1039
    1015
    1003
     936
    1002
     997
     977
     928
     987
     969
     960
     992
     992
    1009
     970
    1003
    1047
    1002
    1013
    1028
     984
    1010
    1053
    1020
    1039
    1037
    1011
    1077
    1094
    1041
    1132
    1050
    1128
    1119
    1008
    1155
    1060
    1104
    1115
    1112
    1163
    1112
    1154
    1156
    1156
    1139
    1141
    1204
    1221
    1191
    1210
    1178
    1168
    1190
    1210
    1170
    1264
    1196
    1163
    1165
    1208
    1271
    1210
    1238
    1277
    1311
    1311
    1274
    1286
    1365
    1358
    1325
    1316
    1338
    1407
    1301
    1338
    1345
    1349
    1375
    1405
    1427
    1381
    1370
    1464
    1490
    1412
    1510
    1460
    1468
    1501
    1552
    1484
    1561
    1588
    1562
    1603
    1561
    1629
    1559
    1626
    1595
    1668
    1639
    1692
    1681
    1748
    1699
    1756
    1780
    1834
    1714
    1799
    1813
    1799
    1886
    1884
    1860
    1836
    2000
    1879
    1908
    2033
    2040
    1979
    2029
    1992
    2042
    2052
    2085
    2099
    2215
    2030
    2192
    2232
    2202
    2242
    2276
    2265
    2282
    2260
    2343
    2434
    2403
    2417
    2410
    2466
    2508
    2396
    2548
    2579
    2561
    2636
    2606
    2654
    2601
    2747
    2729
    2807
    2871
    2883
    2847
    2859
    2813
    2879
    2901
    2943
    2977
    2933
    3131
    3100
    3108
    3097
    3152
    3181
    3274
    3214
    3257
    3354
    3413
    3333
    3557
    3434
    3447
    3477
    3527
    3624
    3697
    3689
    3794
    3720
    3790
    3874
    3826
    3886
    3812
    3924
    4003
    3965
    3969
    4069
    4111
    4044
    4070
    4286
    4288
    4303
    4339
    4359
    4465
    4452
    4559
    4565
    4554
    4518
    4611
    4639
    4645
    4799
    4725
    4847
    4792
    4838
    4907
    4953
    5104
    4968
    5082
    5082
    5177
    5243
    5307
    5234
    5396
    5286
    5428
    5382
    5412
    5453
    5580
    5461
    5584
    5674
    5795
    5617
    5761
    5846
    5742
    5810
    5889
    5813
    5897
    5850
    6010
    5873
    5994
    6153
    5979
    6179
    6213
    6164
    6200
    6361
    6187
    6541
    6390
    6386
    6399
    6435
    6341
    6514
    6448
    6529
    6625
    6516
    6682
    6720
    6671
    6545
    6820
    6641
    6772
    6831
    6885
    6819
    6580
    6831
    6854
    6703
    6866
    6839
    6850
    6905
    6893
    7051
    6989
    7062
    6871
    6858
    6916
    6996
    7096
    7086
    7264
    7058
    7104
    6966
    7098
    7193
    6885
    7172
    7052
    7169
    7081
    7176
    7202
    7026
    7208
    7167
    7128
    7112
    7200
    7170
    7020
    6984
    7160
    7109
    7102
    7040
    7058
    7088
    7002
    7100
    7141
    6960
    7023
    6881
    7070
    7067
    7133
    7054
    6881
    7066
    6877
    6959
    6935
    7005
    6889
    6999
    7012
    7012
    7123
    6997
    6763
    6693
    6817
    6662
    6793
    6926
    6743
    6743
    6861
    6715
    6820
    6652
    6638
    6571
    6549
    6663
    6673
    6636
    6564
    6605
    6564
    6509
    6515
    6454
    6570
    6424
    6362
    6505
    6220
    6449
    6414
    6408
    6331
    6355
    6340
    6210
    6405
    5953
    6117
    6112
    6157
    6096
    6068
    5920
    5999
    6040
    6008
    6059
    5845
    5941
    5859
    5896
    5761
    5888
    5817
    5673
    5765
    5729
    5679
    5622
    5678
    5633
    5598
    5541
    5494
    5432
    5450
    5462
    5459
    5450
    5553
    5425
    5454
    5359
    5226
    5348
    5328
    5232
    5130
    5063
    5115
    5201
    5078
    4957
    4982
    5019
    5019
    4936
    4878
    4846
    4930
    4963
    4873
    4998
    4885
    4878
    4860
    4832
    4700
    4792
    4768
    4630
    4613
    4619
    4586
    4552
    4635
    4654
    4620
    4429
    4434
    4488
    4456
    4414
    4344
    4370
    4396
    4489
    4330
    4193
    4229
    4263
    4289
    4137
    4181
    4101
    4306
    4096
    4104
    4107
    4018
    4045
    4104
    4012
    4011
    4022
    3985
    3904
    3947
    3838
    3921
    3802
    3831
    3847
    3915
    3808
    3804
    3863
    3714
    3823
    3843
    3662
    3684
    3720
    3677
    3564
    3583
    3681
    3567
    3572
    3585
    3483
    3511
    3541
    3428
    3445
    3494
    3677
    3476
    3354
    3380
    3476
    3464
    3402
    3375
    3520
    3335
    3319
    3384
    3352
    3199
    3273
    3354
    3329
    3343
    3178
    3229
    3077
    3207
    3123
    3058
    3154
    2994
    3010
    3042
    3048
    3113
    3013
    3062
    3071
    3049
    2957
    2842
    2942
    2951
    2960
    3008
    2901
    2870
    2970
    2938
    2845
    2872
    2872
    2918
    2755
    2857
    2920
    2849
    2790
    2844
    2754
    2761
    2770
    2729
    2813
    2671
    2696
    2740
    2640
    2717
    2796
    2668
    2641
    2658
    2552
    2673
    2622
    2572
    2549
    2623
    2544
    2550
    2553
    2611
    2513
    2535
    2497
    2596
    2468
    2472
    2435
    2400
    2470
    2541
    2516
    2446
    2376
    2391
    2490
    2410
    2442
    2433
    2356
    2390
    2391
    2309
    2306
    2383
    2371
    2439
    2409
    2428
    2323
    2304
    2394
    2313
    2336
    2266
    2216
    2343
    2293
    2252
    2306
    2241
    2179
    2205
    2145
    2282
    2147
    2221
    2169
    2195
    2173
    2172
    2149
    2131
    2080
    2176
    2114
    2193
    2021
    2112
    2036
    2129
    2049
    2093
    2047
    2073
    2000
    2063
    2083
    2054
    2008
    2154
    1964
    2021
    2043
    2059
    2036
    1965
    2040
    1996
    1937
    1963
    1928
    1950
    1938
    1930
    1953
    1969
    2016
    1897
    1930
    1900
    1942
    1963
    1859
    1862
    1866
    1843
    1964
    1949
    1838
    1951
    1921
    1862
    1842
    1854
    1888
    1870
    1773
    1862
    1878
    1835
    1852
    1835
    1802
    1800
    1844
    1895
    1826
    1751
    1838
    1856
    1781
    1796
    1729
    1692
    1740
    1757
    1734
    1763
    1772
    1744
    1730
    1827
    1720
    1663
    1700
    1722
    1730
    1694
    1719
    1714
    1728
    1702
    1741
    1733
    1686
    1660
    1689
    1768
    1703
    1715
    1727
    1677
    1710
    1627
    1626
    1699
    1693
    1604
    1652
    1712
    1688
    1652
    1637
    1599
    1562
    1641
    1641
    1629
    1557
    1637
    1596
    1631
    1684
    1594
    1564
    1604
    1548
    1571
    1499
    1562
    1609
    1554
    1589
    1578
    1540
    1558
    1538
    1527
    1537
    1618
    1523
    1566
    1602
    1581
    1647
    1551
    1648
    1523
    1489
    1563
    1607
    1580
    1487
    1557
    1558
    1552
    1594
    1507
    1462
    1532
    1574
    1538
    1598
    1495
    1437
    1512
    1585
    1495
    1608
    1480
    1513
    1511
    1547
    1512
    1510
    1497
    1537
    1485
    1545
    1445
    1493
    1579
    1568
    1422
    1484
    1505
    1460
    1472
    1534
    1502
    1486
    1500
    1442
    1546
    1499
    1402
    1593
    1436
    1476
    1459
    1388
    1518
    1484
    1460
    1422
    1395
    1530
    1430
    1477
    1460
    1434
       0
       0
       0
       0
       0
       0
       0
       0
       0
       0
       0
       0
       0
       0
       0
       0
       0
       0
       0
       0
       0
       0
       0
       0
       0
       0
       0
       0
       0
       0
       0
       0
$ROI:
0
$PRESETS:
Live Time
300
0
$ENER_FIT:
0.000000 0.041319
$MCA_CAL:
3
0.000000E+000 4.131853E-002 0.000000E+000 keV
$SHAPE_CAL:
3
0.000000E+000 0.000000E+000 0.000000E+000
