$SPEC_ID:
No sample description was entered.
$SPEC_REM:
DET# 1
DETDESC# WINDOWS-E1K93MC Easy-MCA-2k SN 13158080
AP# Maestro Version 6.06
$DATE_MEA:
04/18/2019 15:17:37
$MEAS_TIM:
300 311
$DATA:
0 2047
       0
       0
       0
       0
       0
       0
       0
       0
       0
       0
       0
       0
       0
       0
       0
       0
       0
       0
       0
       0
       0
       0
       0
       0
       0
       0
       0
       0
       0
       0
       0
       0
       0
       0
       0
       0
       0
       0
       0
       0
       0
       0
       0
       0
       0
       0
       0
       0
       0
       0
       0
       0
       0
       0
       0
       0
       0
       0
       0
       0
       0
       0
       0
       0
       0
       0
       0
       0
       0
       0
       0
       0
       0
       0
       0
       0
       0
       0
       0
       0
       0
       0
       0
       0
       0
       0
       0
       0
       0
       0
       0
       0
       0
       0
       0
       0
       0
       0
       0
       0
       0
       0
       0
       0
       0
       0
       0
       0
       0
       0
       0
       0
       0
       0
       0
       0
       0
       0
       0
       0
       0
       0
       0
       0
       0
       0
       0
       0
       0
       0
       0
       0
       0
       0
       0
       0
       0
       0
       0
       0
       0
       0
       0
       0
       0
       0
       0
       0
       0
       0
       0
       0
       0
       0
       0
       0
       0
       0
       0
       0
       0
       0
       0
       0
       0
       0
       0
       0
       0
       0
       0
       0
       0
       0
       0
       0
       0
       0
       0
       0
       0
       0
       0
       0
       0
       0
       0
       0
       0
       0
       0
       0
       0
       0
       0
       0
       0
       0
       0
       0
       0
       0
       0
       0
       0
       0
       0
       0
       0
       0
       0
       0
       0
       0
       0
       0
       0
       0
       0
       0
       0
       0
       0
       0
       0
       0
       0
       0
       0
       0
       0
       0
       0
       0
       0
       0
       0
       0
       0
       0
       0
       0
       0
       0
       0
       0
       0
       0
       0
       0
       0
       0
       0
       0
       0
       0
       0
       0
       0
       0
       0
       0
       0
       0
       0
       0
       0
       0
       0
       0
       0
       0
       0
       0
       0
       0
       0
       0
       0
       0
       0
       0
       0
       0
       0
       0
       0
       0
       0
       0
       0
       0
       0
       0
       0
       0
       0
       0
       0
       0
       0
       0
       0
       0
       0
       0
       0
       0
       0
       0
       0
       0
       0
       0
       0
       0
       0
       0
       0
       0
       0
       0
       0
       0
       0
       0
       0
       0
       0
       0
       0
       0
       0
       0
       0
       0
       0
       0
       0
       0
       0
       0
       0
       0
       0
       0
       0
       0
       0
       0
       0
       0
       0
       0
       0
       0
       0
       0
       0
       0
       0
       0
       0
       0
       0
       0
       0
       0
       0
       0
       0
       0
       0
       0
       0
       0
       0
       0
       0
       0
       0
       0
       0
       0
       0
       0
       0
       0
       0
       0
       0
       0
       0
       0
       0
       0
       0
       0
       0
     639
     857
     762
     775
     787
     845
     805
     783
     799
     783
     807
     758
     819
     778
     816
     777
     788
     794
     769
     723
     794
     776
     745
     787
     809
     724
     736
     722
     739
     728
     702
     734
     749
     722
     724
     757
     740
     733
     711
     761
     708
     747
     669
     703
     713
     711
     706
     780
     647
     627
     703
     690
     705
     710
     711
     709
     677
     643
     657
     719
     666
     673
     666
     673
     712
     668
     666
     695
     660
     708
     659
     640
     660
     676
     622
     675
     634
     658
     684
     594
     613
     637
     627
     600
     616
     631
     640
     596
     597
     611
     636
     662
     584
     607
     585
     640
     598
     583
     635
     610
     637
     609
     650
     564
     596
     600
     611
     603
     562
     616
     581
     632
     611
     580
     550
     572
     603
     596
     602
     577
     566
     617
     566
     544
     558
     588
     572
     529
     505
     515
     555
     563
     554
     533
     590
     568
     527
     585
     523
     564
     539
     551
     510
     477
     546
     535
     493
     504
     503
     503
     514
     521
     501
     504
     501
     512
     514
     508
     475
     533
     509
     503
     505
     462
     483
     492
     505
     512
     495
     486
     471
     512
     470
     478
     462
     451
     485
     446
     461
     481
     455
     479
     476
     424
     503
     440
     451
     464
     450
     469
     497
     434
     451
     424
     458
     463
     451
     451
     445
     467
     433
     443
     494
     463
     399
     445
     413
     457
     447
     454
     465
     452
     458
     420
     430
     422
     460
     428
     424
     405
     394
     429
     405
     420
     397
     432
     418
     398
     394
     413
     395
     380
     409
     423
     408
     370
     409
     387
     399
     371
     393
     400
     399
     408
     387
     399
     384
     383
     389
     397
     424
     390
     332
     352
     390
     399
     362
     375
     376
     390
     352
     371
     366
     388
     338
     377
     393
     347
     355
     382
     378
     342
     359
     346
     366
     401
     352
     351
     328
     328
     378
     322
     349
     328
     343
     337
     323
     347
     344
     373
     309
     330
     317
     311
     339
     342
     339
     336
     320
     345
     328
     334
     349
     332
     325
     321
     317
     312
     299
     304
     302
     295
     330
     336
     322
     310
     318
     316
     296
     338
     330
     290
     344
     307
     295
     294
     293
     291
     302
     276
     341
     283
     289
     278
     280
     316
     319
     315
     304
     313
     330
     273
     322
     289
     306
     283
     253
     268
     293
     289
     284
     303
     277
     286
     264
     276
     308
     255
     265
     293
     280
     255
     288
     244
     276
     261
     259
     248
     280
     274
     252
     272
     262
     272
     266
     257
     283
     259
     273
     270
     279
     271
     257
     256
     271
     260
     254
     261
     255
     221
     262
     273
     245
     261
     255
     229
     239
     250
     228
     235
     263
     220
     246
     252
     234
     257
     239
     215
     231
     250
     257
     205
     247
     242
     200
     238
     228
     236
     216
     228
     223
     220
     198
     240
     225
     224
     199
     247
     217
     211
     236
     211
     197
     231
     200
     192
     245
     214
     206
     219
     220
     228
     228
     202
     204
     212
     225
     202
     204
     219
     214
     204
     199
     180
     185
     188
     180
     218
     204
     192
     176
     207
     199
     193
     171
     221
     196
     210
     177
     195
     205
     190
     203
     186
     198
     194
     215
     201
     172
     209
     197
     195
     190
     169
     181
     180
     212
     186
     185
     178
     186
     175
     189
     180
     188
     177
     189
     169
     175
     167
     180
     196
     173
     172
     179
     175
     184
     184
     184
     188
     169
     163
     185
     158
     165
     151
     176
     186
     162
     179
     163
     173
     166
     169
     141
     171
     139
     159
     147
     166
     160
     182
     174
     159
     166
     143
     164
     179
     157
     174
     154
     175
     170
     147
     148
     157
     157
     154
     153
     169
     168
     144
     154
     139
     169
     161
     148
     171
     146
     152
     158
     157
     155
     146
     163
     162
     153
     141
     131
     133
     177
     147
     144
     153
     142
     151
     179
     152
     141
     161
     145
     158
     142
     142
     142
     124
     147
     135
     138
     139
     143
     152
     157
     138
     148
     139
     143
     137
     155
     144
     144
     127
     146
     148
     148
     129
     133
     153
     122
     130
     144
     137
     144
     151
     140
     130
     152
     140
     123
     147
     148
     161
     128
     152
     137
     131
     139
     127
     164
     151
     120
     148
     143
     135
     144
     144
     154
     125
     187
     159
     143
     155
     139
     163
     128
     142
     156
     149
     144
     148
     143
     127
     157
     144
     143
     145
     127
     164
     142
     106
     148
     146
     137
     154
     140
     168
     159
     136
     146
     151
     142
     152
     130
     144
     148
     164
     137
     152
     160
     174
     147
     142
     145
     159
     147
     168
     171
     156
     145
     181
     138
     162
     157
     168
     135
     144
     142
     168
     140
     166
     160
     136
     158
     164
     148
     176
     157
     155
     167
     164
     156
     165
     170
     176
     168
     159
     138
     166
     163
     168
     143
     179
     187
     180
     170
     152
     154
     167
     182
     173
     151
     154
     168
     162
     165
     172
     158
     177
     185
     188
     179
     176
     193
     175
     205
     156
     188
     191
     201
     170
     177
     170
     223
     173
     184
     156
     201
     187
     197
     167
     195
     184
     214
     192
     221
     198
     211
     182
     212
     197
     203
     204
     202
     190
     204
     194
     214
     202
     190
     201
     209
     212
     195
     222
     200
     217
     225
     243
     221
     231
     223
     209
     245
     220
     216
     201
     240
     229
     217
     249
     253
     226
     268
     267
     215
     218
     221
     266
     234
     238
     229
     270
     243
     247
     255
     273
     249
     296
     228
     308
     257
     284
     276
     243
     297
     287
     330
     297
     302
     288
     294
     312
     301
     300
     334
     297
     350
     346
     337
     359
     363
     339
     372
     351
     312
     351
     376
     394
     365
     340
     335
     397
     426
     336
     415
     393
     405
     426
     450
     435
     438
     471
     473
     440
     475
     464
     496
     485
     499
     491
     481
     491
     541
     520
     515
     545
     535
     611
     563
     570
     582
     595
     628
     610
     606
     667
     588
     675
     676
     720
     677
     718
     764
     754
     773
     760
     770
     775
     829
     732
     811
     873
     849
     854
     867
     864
     935
     898
     911
     972
     896
     982
     976
     979
     967
    1046
    1035
    1058
    1083
    1084
    1062
    1118
    1097
    1051
    1105
    1167
    1222
    1134
    1161
    1191
    1190
    1283
    1256
    1283
    1309
    1328
    1391
    1341
    1332
    1400
    1362
    1457
    1418
    1423
    1446
    1426
    1531
    1484
    1569
    1546
    1611
    1576
    1605
    1585
    1605
    1600
    1651
    1741
    1757
    1628
    1739
    1808
    1721
    1825
    1808
    1870
    1719
    1723
    1792
    1863
    1894
    1865
    1932
    1945
    1900
    1921
    1980
    1965
    2022
    2027
    2006
    1954
    2026
    1979
    2043
    2016
    2074
    2056
    2090
    2057
    2174
    2123
    2122
    2122
    2034
    2135
    2137
    2140
    2256
    2105
    2165
    2217
    2165
    2173
    2216
    2160
    2200
    2138
    2230
    2159
    2211
    2227
    2244
    2281
    2272
    2236
    2136
    2280
    2279
    2248
    2244
    2266
    2239
    2284
    2212
    2176
    2245
    2188
    2282
    2243
    2291
    2239
    2269
    2218
    2320
    2295
    2206
    2223
    2181
    2225
    2179
    2113
    2113
    2181
    2161
    2081
    2113
    2151
    2206
    2144
    2066
    2096
    2172
    2126
    2075
    2008
    1976
    2092
    1998
    1959
    2067
    1932
    2093
    1997
    1887
    1943
    1972
    1971
    1908
    1881
    1904
    1845
    1897
    1920
    1780
    1867
    1850
    1832
    1784
    1751
    1760
    1777
    1757
    1753
    1649
    1734
    1727
    1728
    1610
    1675
    1614
    1595
    1559
    1613
    1603
    1511
    1570
    1551
    1488
    1445
    1510
    1440
    1406
    1370
    1468
    1470
    1371
    1339
    1371
    1327
    1313
    1291
    1337
    1266
    1333
    1284
    1273
    1274
    1287
    1219
    1203
    1219
    1202
    1200
    1139
    1161
    1147
    1142
    1103
    1112
    1118
    1122
    1061
    1089
    1087
    1040
    1022
    1038
    1001
    1007
     978
     974
     937
     962
     986
     970
     912
     929
     944
     904
     857
     881
     843
     867
     843
     870
     847
     765
     750
     776
     780
     739
     768
     777
     755
     746
     802
     698
     782
     666
     736
     703
     674
     706
     663
     639
     591
     736
     597
     645
     651
     581
     607
     625
     566
     595
     564
     559
     559
     532
     558
     560
     566
     529
     508
     561
     499
     497
     532
     506
     538
     504
     476
     483
     506
     497
     451
     453
     490
     429
     432
     394
     490
     481
     411
     452
     449
     427
     421
     375
     386
     382
     355
     394
     408
     361
     394
     352
     376
     361
     374
     375
     377
     383
     326
     342
     328
     333
     328
     352
     321
     321
     349
     316
     293
     307
     307
     269
     306
     280
     284
     296
     282
     310
     290
     281
     262
     279
     271
     225
     258
     269
     266
     251
     273
     232
     237
     250
     230
     239
     246
     233
     254
     274
     229
     229
     228
     227
     198
     242
     223
     214
     230
     198
     222
     231
     233
     193
     211
     194
     188
     207
     201
     191
     201
     212
     208
     209
     175
     199
     190
     188
     193
     173
     191
     165
     202
     185
     190
     165
     171
     164
     157
     166
     179
     161
     177
     155
     155
     158
     168
     155
     168
     144
     161
     141
     150
     166
     135
     150
     156
     149
     134
     138
     157
     162
     118
     140
     155
     144
     150
     146
     153
     135
     134
     152
     139
     146
     144
     142
     145
     115
     138
     133
     127
     135
     126
     128
     144
     122
     132
     108
     128
     120
     130
     121
     112
     146
     118
     134
     126
     118
     106
     117
     110
     125
     127
     103
     115
     106
     105
     138
     134
     132
     109
     128
      95
     122
     107
     128
     114
     122
     121
     118
     118
     122
      89
     106
     100
     115
      96
     101
     108
      97
     102
     127
      99
     101
     116
      88
     108
     104
      99
      96
     115
     100
      98
     113
      90
      80
     101
     101
     100
     101
     111
     119
     102
      93
      95
     103
     103
     110
     121
     112
      89
      86
      97
      93
     124
      78
      92
     109
      92
      99
      94
     100
     100
      96
      99
      98
      97
     112
     102
     103
     101
     103
      83
     104
      98
      90
     102
     100
     115
     108
     100
     102
      95
     115
     105
      90
      89
     105
      92
     104
     102
     114
     103
      94
     103
      95
      81
     102
      96
      94
      97
      93
     108
      95
      91
     101
      96
      96
      98
     110
      95
     100
      88
      94
     104
      93
     104
      95
     103
      86
     109
     104
      87
      94
     101
     104
     123
      96
      99
     103
      90
     104
      93
     101
      94
      96
     103
     100
     112
     127
      90
      91
     100
     102
     101
     100
     103
      87
     100
      90
     104
      95
      90
      92
     110
     103
      88
      89
      88
      86
      99
      85
     100
      87
     111
     104
      99
      87
      88
     102
      93
     108
      90
      95
      93
     105
      95
      89
      94
      89
     101
     105
     117
      85
      93
     104
      94
      87
     117
      97
      85
     121
      87
      80
      97
      68
      99
     105
     116
     108
     109
      97
      97
     102
     101
      97
     103
     103
      91
     114
     117
      99
     108
      90
      95
     110
      90
      88
      83
      84
      91
     112
      95
      90
      94
     106
      99
      89
      95
     113
      99
      87
     100
       0
       0
       0
       0
       0
       0
       0
       0
       0
       0
       0
       0
       0
       0
       0
       0
       0
       0
       0
       0
       0
       0
       0
       0
       0
       0
       0
       0
       0
       0
       0
       0
$ROI:
1
1052 1815
$PRESETS:
Live Time
300
0
$ENER_FIT:
0.000000 0.041319
$MCA_CAL:
3
0.000000E+000 4.131853E-002 0.000000E+000 keV
$SHAPE_CAL:
3
0.000000E+000 0.000000E+000 0.000000E+000
