$SPEC_ID:
No sample description was entered.
$SPEC_REM:
DET# 1
DETDESC# WINDOWS-E1K93MC Easy-MCA-2k SN 13158080
AP# Maestro Version 6.06
$DATE_MEA:
04/18/2019 16:00:29
$MEAS_TIM:
600 602
$DATA:
0 2047
       0
       0
       0
       0
       0
       0
       0
       0
       0
       0
       0
       0
       0
       0
       0
       0
       0
       0
       0
       0
       0
       0
       0
       0
       0
       0
       0
       0
       0
       0
       0
       0
       0
       0
       0
       0
       0
       0
       0
       0
       0
       0
       0
       0
       0
       0
       0
       0
       0
       0
       0
       0
       0
       0
       0
       0
       0
       0
       0
       0
       0
       0
       0
       0
       0
       0
       0
       0
       0
       0
       0
       0
       0
       0
       0
       0
       0
       0
       0
       0
       0
       0
       0
       0
       0
       0
       0
       0
       0
       0
       0
       0
       0
       0
       0
       0
       0
       0
       0
       0
       0
       0
       0
       0
       0
       0
       0
       0
       0
       0
       0
       0
       0
       0
       0
       0
       0
       0
       0
       0
       0
       0
       0
       0
       0
       0
       0
       0
       0
       0
       0
       0
       0
       0
       0
       0
       0
       0
       0
       0
       0
       0
       0
       0
       0
       0
       0
       0
       0
       0
       0
       0
       0
       0
       0
       0
       0
       0
       0
       0
       0
       0
       0
       0
       0
       0
       0
       0
       0
       0
       0
       0
       0
       0
       0
       0
       0
       0
       0
       0
       0
       0
       0
       0
       0
       0
       0
       0
       0
       0
       0
       0
       0
       0
       0
       0
       0
       0
       0
       0
       0
       0
       0
       0
       0
       0
       0
       0
       0
       0
       0
       0
       0
       0
       0
       0
       0
       0
       0
       0
       0
       0
       0
       0
       0
       0
       0
       0
       0
       0
       0
       0
       0
       0
       0
       0
       0
       0
       0
       0
       0
       0
       0
       0
       0
       0
       0
       0
       0
       0
       0
       0
       0
       0
       0
       0
       0
       0
       0
       0
       0
       0
       0
       0
       0
       0
       0
       0
       0
       0
       0
       0
       0
       0
       0
       0
       0
       0
       0
       0
       0
       0
       0
       0
       0
       0
       0
       0
       0
       0
       0
       0
       0
       0
       0
       0
       0
       0
       0
       0
       0
       0
       0
       0
       0
       0
       0
       0
       0
       0
       0
       0
       0
       0
       0
       0
       0
       0
       0
       0
       0
       0
       0
       0
       0
       0
       0
       0
       0
       0
       0
       0
       0
       0
       0
       0
       0
       0
       0
       0
       0
       0
       0
       0
       0
       0
       0
       0
       0
       0
       0
       0
       0
       0
       0
       0
       0
       0
       0
       0
       0
       0
       0
       0
       0
       0
       0
       0
       0
       0
       0
       0
       0
       0
       0
       0
       0
       0
       0
       0
       0
       0
       0
       0
       0
       0
       0
       0
       0
       0
       0
       0
       0
       0
       0
       0
       0
       0
       0
     426
     548
     540
     570
     498
     508
     532
     473
     536
     503
     514
     503
     533
     509
     528
     496
     484
     495
     482
     531
     470
     499
     541
     489
     488
     493
     507
     473
     459
     481
     523
     465
     540
     487
     471
     507
     491
     474
     481
     468
     454
     423
     465
     500
     495
     436
     417
     464
     447
     464
     449
     437
     477
     459
     438
     439
     440
     407
     419
     451
     442
     414
     431
     433
     401
     399
     460
     432
     443
     455
     437
     415
     454
     428
     439
     425
     413
     377
     406
     414
     428
     397
     408
     427
     410
     386
     406
     416
     456
     387
     435
     414
     411
     410
     426
     417
     429
     377
     430
     418
     391
     343
     393
     404
     406
     420
     367
     395
     359
     358
     407
     343
     389
     380
     405
     373
     392
     360
     366
     409
     352
     381
     392
     397
     353
     364
     346
     358
     358
     354
     361
     384
     334
     340
     392
     361
     345
     403
     374
     333
     382
     324
     335
     341
     345
     354
     318
     352
     342
     325
     320
     290
     333
     376
     302
     353
     340
     355
     320
     338
     341
     343
     311
     311
     312
     305
     322
     348
     355
     296
     332
     302
     323
     355
     356
     349
     326
     343
     300
     314
     324
     292
     298
     309
     294
     301
     284
     313
     296
     288
     365
     309
     287
     321
     288
     314
     288
     310
     314
     286
     288
     279
     305
     308
     313
     295
     326
     294
     295
     305
     283
     293
     286
     277
     267
     260
     269
     271
     283
     252
     290
     279
     255
     290
     282
     268
     252
     283
     286
     284
     260
     245
     261
     282
     278
     262
     282
     276
     259
     247
     263
     247
     249
     283
     264
     258
     242
     267
     265
     259
     276
     253
     239
     248
     275
     225
     263
     225
     237
     258
     250
     220
     226
     238
     251
     242
     224
     226
     229
     256
     239
     253
     227
     218
     228
     220
     247
     283
     212
     221
     225
     225
     242
     237
     232
     275
     251
     228
     220
     249
     218
     225
     232
     231
     218
     207
     238
     222
     244
     221
     223
     225
     207
     233
     201
     217
     221
     215
     190
     194
     223
     225
     228
     209
     204
     181
     205
     207
     206
     213
     195
     221
     202
     186
     221
     195
     181
     215
     207
     185
     200
     187
     187
     208
     193
     193
     192
     169
     187
     199
     186
     188
     189
     172
     185
     187
     213
     214
     178
     204
     171
     183
     197
     208
     189
     184
     174
     199
     172
     171
     176
     172
     184
     175
     192
     181
     193
     172
     195
     165
     181
     204
     150
     185
     187
     171
     151
     174
     169
     138
     156
     185
     157
     157
     167
     176
     169
     159
     180
     148
     152
     154
     175
     169
     142
     169
     141
     181
     161
     153
     175
     183
     155
     140
     142
     165
     154
     145
     146
     162
     169
     173
     142
     162
     164
     167
     167
     152
     177
     131
     144
     146
     157
     153
     142
     154
     141
     162
     174
     135
     156
     154
     142
     149
     138
     166
     148
     132
     143
     149
     154
     157
     121
     145
     158
     144
     166
     124
     127
     128
     150
     131
     144
     132
     135
     123
     143
     128
     150
     117
     125
     136
     104
     137
     118
     127
     128
     120
     109
     120
     120
     119
     129
     124
     119
     140
     144
     146
     119
     130
     118
     121
     130
     136
     144
     116
     122
     117
     123
     138
     131
     108
      90
     105
     138
     128
     123
     126
     107
     103
     103
     112
     103
     115
     112
     118
     113
     111
     108
     131
     107
      98
     106
     104
     111
      95
     118
     117
     107
     111
     115
     127
      86
     105
      99
     109
     125
     105
     126
      91
     103
     105
     106
     104
     106
     100
     104
     111
     120
     104
      96
      97
     116
     105
     106
     109
      97
      93
     110
     100
      98
     111
     108
      93
     108
     102
      84
      97
     103
      95
     102
      95
     101
      93
      94
      78
      96
      96
      85
      87
      99
      84
     114
      87
      91
      95
      72
      98
      75
      85
      91
      98
      96
     106
      83
      75
     100
      74
     106
      95
      81
      91
      88
      86
      88
      70
      74
      90
      87
      85
      67
      95
      65
      97
      79
      77
      94
      71
      76
      77
      73
     106
      88
      71
      77
      69
      76
      84
      79
      78
      80
      82
      79
      84
      82
      89
      55
      82
      71
      74
      97
      78
      75
      72
      92
      81
      81
      83
      61
      80
      86
      79
      95
      55
      82
      72
      76
      71
      63
      71
      77
      74
      86
      72
      65
      61
      73
      66
      84
      64
      80
      72
      61
      71
      73
      62
      54
      57
      66
      71
      57
      66
      73
      69
      77
      70
      62
      72
      65
      63
      57
      64
      62
      55
      65
      63
      57
      61
      66
      73
      64
      67
      71
      64
      52
      71
      49
      74
      54
      76
      53
      64
      72
      59
      55
      72
      69
      61
      68
      59
      69
      62
      63
      71
      49
      57
      59
      64
      58
      70
      59
      60
      59
      59
      59
      64
      48
      52
      50
      62
      47
      62
      62
      45
      52
      59
      53
      55
      67
      56
      40
      41
      47
      52
      61
      58
      49
      55
      57
      47
      67
      55
      47
      68
      55
      51
      61
      55
      44
      65
      73
      53
      46
      47
      56
      59
      59
      55
      67
      67
      67
      57
      56
      45
      60
      60
      63
      61
      55
      52
      47
      55
      49
      49
      59
      56
      57
      66
      57
      56
      72
      55
      54
      52
      66
      43
      52
      53
      56
      57
      52
      47
      66
      48
      38
      57
      52
      60
      57
      57
      60
      47
      61
      52
      47
      56
      51
      45
      49
      59
      58
      54
      42
      51
      61
      63
      62
      57
      57
      48
      52
      56
      49
      54
      45
      56
      55
      60
      76
      65
      44
      58
      71
      58
      53
      57
      66
      59
      57
      47
      51
      67
      67
      60
      62
      75
      70
      55
      62
      54
      56
      75
      67
      74
      71
      66
      56
      62
      61
      78
      84
      67
      83
      72
      76
      73
      77
      72
      73
      81
      97
      74
      70
      59
      73
      77
      80
      91
      81
      79
      76
      71
      95
      96
      84
      80
      75
      82
      94
      86
      99
      89
      71
      69
      88
      89
      84
      91
      85
     111
     105
      94
      83
     115
      99
      87
      86
      95
      84
     107
      81
     104
     101
     128
      96
     110
      99
     113
     113
     115
     115
     106
      92
     113
     115
      98
     128
      99
     111
     129
     117
     118
     102
     115
     109
     146
     138
     118
     138
     118
     128
     126
     116
     133
     125
     140
     129
     132
     143
     132
     128
     140
     129
     129
     135
     145
     112
     140
     112
     122
     127
     121
     143
     133
     144
     133
     131
     136
     145
     139
     151
     126
     143
     137
     136
     146
     130
     150
     166
     132
     133
     138
     132
     135
     136
     113
     128
     148
     125
     121
     136
     134
     131
     137
     123
     141
     129
     134
     126
     141
     130
     135
     136
     115
     131
     126
     131
     127
     114
     108
     115
     110
     121
     124
     117
     140
     116
     121
     128
     134
     131
     137
     117
     117
     116
     115
     138
      95
     106
     116
     103
     105
     104
     110
     106
     120
     113
     120
      85
      96
     114
     106
     108
     103
      94
      93
      99
      94
      91
     108
     118
     104
      87
      97
     104
      91
      81
      83
      97
      79
      94
      91
      75
      73
      92
      94
      80
      68
     102
      91
      88
      84
      78
      77
      86
      88
      72
      77
      82
      71
      69
      84
      78
      92
      65
      67
      70
      66
      56
      62
      56
      69
      79
      86
      76
      66
      65
      45
      63
      67
      69
      71
      62
      55
      57
      57
      72
      56
      50
      63
      49
      55
      51
      59
      50
      67
      57
      55
      58
      43
      48
      47
      44
      49
      45
      46
      49
      52
      63
      43
      57
      57
      47
      60
      49
      55
      34
      39
      39
      40
      52
      46
      41
      44
      46
      42
      39
      37
      45
      44
      47
      42
      39
      29
      42
      40
      49
      41
      40
      43
      33
      40
      35
      32
      39
      39
      29
      38
      36
      35
      27
      28
      30
      26
      39
      38
      45
      35
      44
      25
      19
      41
      28
      30
      27
      31
      29
      34
      34
      31
      34
      46
      30
      35
      22
      21
      37
      30
      21
      28
      29
      31
      40
      20
      23
      25
      22
      19
      29
      24
      25
      35
      23
      28
      24
      24
      23
      20
      19
      21
      19
      21
      23
      22
      22
      25
      19
      21
      21
      22
      22
      18
      24
      28
      26
      23
      17
      26
      30
      18
      36
      17
      21
      14
      20
      21
      12
      17
      22
      12
      16
      15
      22
      24
      23
      13
      17
      23
      16
      12
      18
      18
      23
      25
      19
      15
      20
      18
      24
      27
      15
      16
      13
      19
      20
      16
      17
      12
      10
      15
      15
      22
      18
      13
      23
      14
      19
      20
      18
      12
      17
      14
      17
      17
      16
       9
      13
      17
      18
      12
      18
      21
      15
      16
      21
      17
      26
      11
      14
      15
      19
      17
      12
      19
      14
      11
      14
      12
      15
      15
      15
      14
      17
      18
      18
      18
       9
      13
      16
      10
       8
       8
      20
      14
      12
      16
      18
      10
      19
      19
      15
      11
      18
       8
      14
      13
      13
      17
       8
      14
      14
       8
      15
      16
      16
      13
      12
      15
      16
      15
      15
      19
      13
      12
      12
      15
      15
      11
      14
       7
       7
      11
      11
      13
       8
      14
      18
      10
      11
      11
      10
      11
      12
      13
      12
       8
      12
      11
      13
      10
      11
      12
       8
      13
      15
      10
      12
       7
      17
      14
      16
      13
      15
      12
       9
      11
      12
      14
      10
      14
      10
      17
      12
       8
       9
       9
       5
      14
      13
      13
       7
       8
      12
      15
      13
      10
      11
       6
      11
       8
      11
       9
      10
       9
      11
      11
      10
       7
      10
       6
      12
       9
      13
      12
       9
      11
       5
      11
       8
      18
      12
       8
      14
      10
       8
      19
      13
      13
      11
      10
       5
       8
      13
      12
       9
       9
      13
      17
      11
      11
      21
      10
      12
      11
      17
       9
      10
      13
       8
      13
      12
      10
      10
       9
       8
       9
      12
      13
       3
       7
      13
       5
       7
       8
       9
      18
       6
      11
      14
      14
      13
       9
       6
       7
       8
       8
       7
       5
      11
       6
       9
      10
      10
       6
      14
       8
       6
       9
      10
      15
      11
      11
      14
      10
      10
       8
      11
       5
       6
      10
      12
      10
       7
      10
      12
       6
      19
       9
      16
       8
       7
       3
       5
      17
      12
      13
      16
       7
      12
      10
       6
      11
      11
       7
       8
      11
      10
       2
      16
       9
      11
      11
      13
       9
      14
       6
       4
       8
       7
       6
       6
       9
       7
      11
      11
      12
       6
       6
       9
       8
       8
       8
       6
      12
       9
       7
      10
      14
       9
      18
      13
      13
       9
      13
       8
       5
       6
       9
      10
      13
      12
       3
      13
      11
      16
       5
       1
       0
       0
       0
       0
       0
       0
       0
       0
       0
       0
       0
       0
       0
       0
       0
       0
       0
       0
       0
       0
       0
       0
       0
       0
       0
       0
       0
       0
       0
       0
       0
       0
$ROI:
1
1215 1622
$PRESETS:
Live Time
600
0
$ENER_FIT:
0.000000 0.041319
$MCA_CAL:
3
0.000000E+000 4.131853E-002 0.000000E+000 keV
$SHAPE_CAL:
3
0.000000E+000 0.000000E+000 0.000000E+000
