$SPEC_ID:
No sample description was entered.
$SPEC_REM:
DET# 1
DETDESC# WINDOWS-E1K93MC Easy-MCA-2k SN 13158080
AP# Maestro Version 6.06
$DATE_MEA:
04/18/2019 15:51:07
$MEAS_TIM:
300 301
$DATA:
0 2047
       0
       0
       0
       0
       0
       0
       0
       0
       0
       0
       0
       0
       0
       0
       0
       0
       0
       0
       0
       0
       0
       0
       0
       0
       0
       0
       0
       0
       0
       0
       0
       0
       0
       0
       0
       0
       0
       0
       0
       0
       0
       0
       0
       0
       0
       0
       0
       0
       0
       0
       0
       0
       0
       0
       0
       0
       0
       0
       0
       0
       0
       0
       0
       0
       0
       0
       0
       0
       0
       0
       0
       0
       0
       0
       0
       0
       0
       0
       0
       0
       0
       0
       0
       0
       0
       0
       0
       0
       0
       0
       0
       0
       0
       0
       0
       0
       0
       0
       0
       0
       0
       0
       0
       0
       0
       0
       0
       0
       0
       0
       0
       0
       0
       0
       0
       0
       0
       0
       0
       0
       0
       0
       0
       0
       0
       0
       0
       0
       0
       0
       0
       0
       0
       0
       0
       0
       0
       0
       0
       0
       0
       0
       0
       0
       0
       0
       0
       0
       0
       0
       0
       0
       0
       0
       0
       0
       0
       0
       0
       0
       0
       0
       0
       0
       0
       0
       0
       0
       0
       0
       0
       0
       0
       0
       0
       0
       0
       0
       0
       0
       0
       0
       0
       0
       0
       0
       0
       0
       0
       0
       0
       0
       0
       0
       0
       0
       0
       0
       0
       0
       0
       0
       0
       0
       0
       0
       0
       0
       0
       0
       0
       0
       0
       0
       0
       0
       0
       0
       0
       0
       0
       0
       0
       0
       0
       0
       0
       0
       0
       0
       0
       0
       0
       0
       0
       0
       0
       0
       0
       0
       0
       0
       0
       0
       0
       0
       0
       0
       0
       0
       0
       0
       0
       0
       0
       0
       0
       0
       0
       0
       0
       0
       0
       0
       0
       0
       0
       0
       0
       0
       0
       0
       0
       0
       0
       0
       0
       0
       0
       0
       0
       0
       0
       0
       0
       0
       0
       0
       0
       0
       0
       0
       0
       0
       0
       0
       0
       0
       0
       0
       0
       0
       0
       0
       0
       0
       0
       0
       0
       0
       0
       0
       0
       0
       0
       0
       0
       0
       0
       0
       0
       0
       0
       0
       0
       0
       0
       0
       0
       0
       0
       0
       0
       0
       0
       0
       0
       0
       0
       0
       0
       0
       0
       0
       0
       0
       0
       0
       0
       0
       0
       0
       0
       0
       0
       0
       0
       0
       0
       0
       0
       0
       0
       0
       0
       0
       0
       0
       0
       0
       0
       0
       0
       0
       0
       0
       0
       0
       0
       0
       0
       0
       0
       0
       0
       0
       0
       0
       0
       0
       0
       0
       0
       0
       0
       0
       0
       0
       1
     216
     326
     293
     312
     323
     322
     316
     311
     308
     296
     308
     315
     294
     287
     283
     308
     308
     319
     331
     298
     305
     287
     300
     316
     327
     294
     299
     272
     304
     273
     285
     292
     278
     282
     306
     298
     297
     266
     273
     291
     291
     259
     280
     308
     267
     268
     285
     281
     276
     251
     264
     270
     281
     276
     279
     238
     254
     265
     247
     276
     249
     277
     260
     295
     295
     236
     238
     239
     244
     258
     239
     250
     225
     241
     249
     263
     262
     247
     234
     261
     261
     247
     241
     236
     231
     253
     228
     246
     258
     246
     260
     259
     217
     227
     232
     215
     234
     208
     232
     234
     274
     240
     233
     250
     225
     234
     212
     235
     242
     214
     220
     232
     199
     219
     231
     221
     214
     234
     217
     222
     240
     192
     212
     211
     239
     236
     234
     201
     201
     204
     216
     219
     225
     203
     222
     235
     219
     178
     195
     233
     196
     223
     216
     215
     206
     174
     196
     210
     190
     188
     193
     208
     202
     199
     193
     176
     212
     200
     202
     202
     163
     197
     192
     193
     219
     220
     222
     205
     208
     215
     175
     168
     206
     200
     209
     184
     183
     166
     201
     190
     186
     182
     188
     187
     176
     170
     185
     202
     191
     174
     163
     202
     168
     178
     175
     173
     174
     190
     189
     192
     163
     193
     161
     147
     164
     181
     161
     168
     143
     177
     194
     170
     170
     176
     179
     160
     172
     170
     165
     175
     148
     139
     153
     182
     178
     145
     157
     164
     159
     164
     150
     145
     162
     149
     164
     160
     169
     143
     163
     155
     184
     155
     162
     136
     133
     152
     146
     149
     142
     160
     158
     171
     156
     140
     161
     131
     138
     158
     120
     139
     166
     168
     148
     164
     158
     150
     149
     143
     144
     142
     122
     145
     143
     152
     137
     128
     135
     157
     123
     118
     126
     146
     134
     124
     145
     128
     142
     108
     146
     154
     119
     135
     134
     128
     125
     127
     146
     129
     138
     144
     128
     137
     122
     125
     129
     116
     131
     126
     122
     114
     131
     132
     142
     113
     133
     131
     109
     124
     140
     136
     118
     113
     118
     123
     130
     133
     128
     113
     130
     134
     138
     107
     117
     108
     109
     124
     111
      93
     119
     134
     123
     116
     117
     116
     109
     109
     105
     116
      97
      97
      96
     104
     133
     124
     115
     102
     101
     104
      96
     102
     107
     101
     105
      94
      90
      96
      91
     111
      83
     111
     115
      95
      99
     107
     120
      95
     108
     106
     103
     102
     104
     104
      85
      92
      88
     111
     100
     105
      94
      97
      96
      99
     113
     107
      90
     114
      99
     101
      90
      89
      78
      96
      87
      93
     107
     107
      87
      78
      73
      76
      95
      78
      76
      87
      74
      86
     109
      83
      90
      82
      93
      75
      94
      84
      71
      89
      94
      93
      95
      76
      81
      98
      87
      81
      88
      85
      80
      91
      67
      67
      80
     100
      82
      87
      85
      57
      97
      71
      83
      80
      73
      76
      80
      71
      81
     100
      96
      84
      72
      79
      81
      78
      84
      76
      69
      82
      81
      72
      79
      79
      85
      72
      77
      82
      74
      59
      76
      69
      58
      75
      67
      75
      79
      71
      65
      61
      60
      73
      78
      70
      77
      69
      69
      70
      62
      70
      66
      75
      78
      66
      66
      79
      69
      61
      67
      52
      77
      65
      72
      60
      72
      79
      68
      62
      64
      67
      80
      52
      78
      50
      66
      53
      60
      57
      53
      56
      69
      56
      78
      60
      81
      64
      50
      61
      73
      68
      56
      66
      56
      60
      67
      55
      82
      54
      50
      63
      52
      54
      59
      58
      46
      53
      63
      60
      64
      61
      51
      56
      66
      57
      49
      55
      56
      58
      51
      56
      54
      58
      47
      51
      60
      53
      48
      49
      46
      54
      55
      76
      57
      61
      57
      49
      62
      57
      47
      52
      53
      42
      52
      53
      51
      56
      47
      47
      46
      50
      50
      56
      51
      54
      53
      57
      39
      42
      47
      48
      42
      43
      41
      52
      44
      40
      50
      39
      44
      51
      43
      49
      49
      44
      41
      52
      46
      50
      46
      43
      34
      45
      53
      58
      41
      55
      33
      38
      41
      50
      50
      56
      40
      42
      54
      46
      53
      47
      43
      53
      39
      30
      34
      29
      52
      32
      45
      38
      46
      42
      40
      46
      46
      41
      33
      36
      46
      35
      48
      39
      37
      30
      44
      38
      42
      42
      42
      45
      40
      44
      53
      48
      41
      37
      35
      39
      34
      37
      37
      24
      32
      35
      42
      32
      26
      29
      41
      30
      49
      35
      28
      35
      31
      34
      38
      39
      40
      34
      33
      47
      33
      35
      38
      40
      51
      36
      44
      41
      30
      34
      41
      42
      38
      34
      49
      32
      41
      32
      40
      41
      33
      35
      26
      21
      34
      37
      25
      27
      36
      34
      32
      30
      25
      39
      32
      19
      36
      32
      29
      36
      29
      26
      28
      40
      35
      34
      39
      22
      33
      29
      35
      34
      28
      38
      41
      31
      46
      30
      35
      37
      38
      29
      27
      35
      40
      35
      34
      39
      39
      29
      29
      26
      42
      34
      34
      31
      30
      40
      42
      33
      31
      41
      20
      37
      34
      35
      29
      37
      35
      25
      39
      36
      31
      41
      39
      25
      32
      29
      28
      30
      26
      33
      34
      31
      29
      34
      40
      24
      36
      37
      43
      33
      27
      34
      33
      35
      27
      30
      38
      39
      31
      45
      36
      37
      30
      42
      35
      29
      47
      41
      32
      36
      36
      48
      27
      46
      34
      42
      29
      41
      46
      39
      30
      48
      39
      45
      44
      40
      43
      38
      45
      44
      47
      39
      48
      55
      45
      53
      40
      53
      52
      53
      40
      41
      55
      46
      37
      41
      46
      51
      38
      48
      55
      49
      70
      58
      57
      50
      58
      57
      48
      46
      54
      68
      50
      49
      52
      65
      59
      51
      71
      67
      53
      74
      63
      68
      61
      56
      60
      61
      68
      74
      81
      74
      76
      73
      70
      71
      81
      89
      68
      69
      82
      78
      85
      84
      75
      92
      79
      72
      90
      84
      86
     104
      92
      78
      91
     111
     104
      85
     102
      97
      91
      97
      82
     110
     107
     106
      99
     107
     114
     105
      99
      97
     100
     113
     111
      91
     102
     105
      99
     115
     102
      91
      97
     104
     121
     122
     107
     117
     101
     107
      83
     118
     110
     128
     101
     106
     115
     109
     116
     114
     117
     146
     105
     124
      98
      86
     125
     110
     106
     113
     103
     133
     120
     113
     122
     110
     110
     105
     115
     122
     101
     118
     124
     126
     116
     106
     123
      97
     125
     124
     114
     112
     110
     109
     120
     106
     108
     106
     110
     111
     118
      88
      99
     129
      92
     101
     111
     119
     119
     104
      99
     113
     104
     125
     113
     118
     103
     109
     107
      82
      81
      93
      93
     111
     120
     108
      93
     100
      87
      94
     110
      99
      88
      97
      94
      92
      91
      85
      90
      88
      86
      97
      92
      85
      81
      99
      98
      81
      75
      89
      94
      68
      77
      73
      69
      70
      85
      74
      81
      74
      63
      74
      71
      86
      74
      59
      80
      91
      71
      70
      76
      69
      83
      79
      58
      74
      75
      55
      57
      70
      63
      58
      51
      56
      46
      46
      57
      60
      65
      59
      61
      58
      64
      50
      59
      49
      52
      52
      53
      57
      32
      40
      52
      45
      60
      50
      44
      50
      57
      45
      34
      48
      42
      43
      42
      60
      47
      42
      46
      52
      37
      40
      46
      50
      34
      36
      35
      33
      45
      45
      38
      31
      30
      40
      42
      19
      46
      28
      43
      29
      35
      34
      26
      41
      32
      28
      24
      36
      29
      30
      29
      30
      38
      25
      29
      24
      36
      32
      16
      31
      31
      34
      23
      31
      35
      30
      23
      27
      25
      28
      37
      24
      25
      26
      27
      24
      20
      17
      21
      20
      27
      22
      27
      17
      33
      22
      29
      25
      25
      19
      21
      27
      17
      31
      30
      10
      20
      15
      16
      19
      19
      14
      25
      23
      26
      12
      22
      16
      13
      18
      24
      21
      16
      20
      16
      31
      16
      13
      12
      19
      12
      19
      21
      13
      15
      23
      14
      17
      15
      13
      12
      18
      21
      18
      16
      17
      12
      17
      17
      20
      12
      15
      15
      14
       7
      13
      16
      16
      19
      15
      13
      10
       9
      13
      17
      16
      10
      11
      14
      18
      19
      11
      15
      12
       9
      15
       7
      11
      13
      10
      10
      16
      13
      12
      10
      11
       8
      12
      17
      10
       8
       8
       8
      14
      11
      12
       9
      16
      18
      15
       9
      11
       9
      16
      11
      11
       9
       6
      12
      11
      13
      11
      14
       7
       7
      11
      15
      18
       7
       8
      19
      10
       6
      13
      15
      16
       7
       5
      10
       5
       9
       5
      18
       7
       6
       8
      12
       7
       4
       6
       8
       9
      14
       7
      10
      13
       8
       7
       6
       8
       5
      12
       8
       8
      14
       8
       8
      12
       7
       7
      11
      13
      10
       5
       9
      10
      10
      10
       8
       6
       6
       3
      12
      12
      11
      11
      15
       7
      10
       1
       7
      10
      12
       6
       6
       6
      10
       6
       8
      11
       9
      11
       3
      10
      10
      13
       8
       5
      13
       5
      12
       7
       5
       6
       9
       6
      14
       5
       5
       7
      11
       8
       8
       7
       6
       6
      12
       7
       5
       6
      11
      10
       8
       5
      13
      11
       5
       8
       9
       7
      12
       3
       7
       6
       9
       4
       7
       8
       4
       9
       5
      10
       2
       8
       4
       7
       4
       9
       7
       4
       7
       6
      12
      11
       6
       7
      11
       9
      10
       7
       9
       3
       5
       8
       8
       5
       8
       9
       8
       4
       7
       6
      11
       7
       8
       9
      11
       7
       8
       6
       8
       7
       9
       6
      11
       9
      10
       9
       3
       8
       8
       7
      14
       9
       6
       6
      14
       4
      10
       5
       7
       7
       9
       8
       5
       8
       3
       6
       6
       8
       4
       6
       9
       8
       8
       7
       8
      10
       9
       8
       2
       3
       7
      11
       9
       5
       4
       6
       4
       5
       7
       4
       5
       8
       8
       8
       7
       8
       9
       7
       9
       5
       6
       8
       9
       7
       6
       9
       3
       6
       8
       8
      10
       8
       4
       7
       5
       5
       9
       4
       1
       8
       4
       4
       6
       3
       5
       7
       6
       6
       9
       8
       6
       9
       5
       4
       6
       3
      13
       5
       5
       7
       5
       9
       5
       9
       3
       7
       5
       3
       7
      15
       6
      10
       4
       7
       5
       5
       4
       5
       6
      15
       6
       6
       8
       2
       7
       7
       9
       0
       0
       0
       0
       0
       0
       0
       0
       0
       0
       0
       0
       0
       0
       0
       0
       0
       0
       0
       0
       0
       0
       0
       0
       0
       0
       0
       0
       0
       0
       0
       0
$ROI:
1
1052 1815
$PRESETS:
Live Time
300
0
$ENER_FIT:
0.000000 0.041319
$MCA_CAL:
3
0.000000E+000 4.131853E-002 0.000000E+000 keV
$SHAPE_CAL:
3
0.000000E+000 0.000000E+000 0.000000E+000
