$SPEC_ID:
No sample description was entered.
$SPEC_REM:
DET# 1
DETDESC# WINDOWS-E1K93MC Easy-MCA-2k SN 13158080
AP# Maestro Version 6.06
$DATE_MEA:
04/18/2019 15:25:16
$MEAS_TIM:
300 308
$DATA:
0 2047
       0
       0
       0
       0
       0
       0
       0
       0
       0
       0
       0
       0
       0
       0
       0
       0
       0
       0
       0
       0
       0
       0
       0
       0
       0
       0
       0
       0
       0
       0
       0
       0
       0
       0
       0
       0
       0
       0
       0
       0
       0
       0
       0
       0
       0
       0
       0
       0
       0
       0
       0
       0
       0
       0
       0
       0
       0
       0
       0
       0
       0
       0
       0
       0
       0
       0
       0
       0
       0
       0
       0
       0
       0
       0
       0
       0
       0
       0
       0
       0
       0
       0
       0
       0
       0
       0
       0
       0
       0
       0
       0
       0
       0
       0
       0
       0
       0
       0
       0
       0
       0
       0
       0
       0
       0
       0
       0
       0
       0
       0
       0
       0
       0
       0
       0
       0
       0
       0
       0
       0
       0
       0
       0
       0
       0
       0
       0
       0
       0
       0
       0
       0
       0
       0
       0
       0
       0
       0
       0
       0
       0
       0
       0
       0
       0
       0
       0
       0
       0
       0
       0
       0
       0
       0
       0
       0
       0
       0
       0
       0
       0
       0
       0
       0
       0
       0
       0
       0
       0
       0
       0
       0
       0
       0
       0
       0
       0
       0
       0
       0
       0
       0
       0
       0
       0
       0
       0
       0
       0
       0
       0
       0
       0
       0
       0
       0
       0
       0
       0
       0
       0
       0
       0
       0
       0
       0
       0
       0
       0
       0
       0
       0
       0
       0
       0
       0
       0
       0
       0
       0
       0
       0
       0
       0
       0
       0
       0
       0
       0
       0
       0
       0
       0
       0
       0
       0
       0
       0
       0
       0
       0
       0
       0
       0
       0
       0
       0
       0
       0
       0
       0
       0
       0
       0
       0
       0
       0
       0
       0
       0
       0
       0
       0
       0
       0
       0
       0
       0
       0
       0
       0
       0
       0
       0
       0
       0
       0
       0
       0
       0
       0
       0
       0
       0
       0
       0
       0
       0
       0
       0
       0
       0
       0
       0
       0
       0
       0
       0
       0
       0
       0
       0
       0
       0
       0
       0
       0
       0
       0
       0
       0
       0
       0
       0
       0
       0
       0
       0
       0
       0
       0
       0
       0
       0
       0
       0
       0
       0
       0
       0
       0
       0
       0
       0
       0
       0
       0
       0
       0
       0
       0
       0
       0
       0
       0
       0
       0
       0
       0
       0
       0
       0
       0
       0
       0
       0
       0
       0
       0
       0
       0
       0
       0
       0
       0
       0
       0
       0
       0
       0
       0
       0
       0
       0
       0
       0
       0
       0
       0
       0
       0
       0
       0
       0
       0
       0
       0
       0
       0
       0
       0
       0
       0
       0
       0
       0
       0
       0
       1
     543
     716
     677
     673
     658
     693
     712
     658
     679
     619
     672
     651
     666
     704
     620
     704
     699
     631
     689
     675
     643
     652
     662
     646
     622
     661
     641
     644
     633
     713
     590
     604
     637
     627
     608
     624
     623
     595
     618
     619
     606
     624
     611
     594
     621
     581
     609
     596
     620
     532
     612
     578
     536
     603
     582
     582
     570
     569
     571
     593
     606
     529
     569
     544
     617
     538
     577
     576
     532
     540
     567
     565
     524
     546
     560
     550
     530
     588
     515
     505
     532
     548
     567
     563
     521
     555
     562
     539
     531
     571
     534
     491
     564
     559
     528
     528
     463
     526
     539
     493
     536
     476
     492
     501
     488
     501
     516
     482
     521
     494
     487
     503
     485
     445
     497
     494
     500
     475
     458
     456
     493
     462
     457
     481
     479
     491
     478
     485
     436
     450
     429
     406
     450
     446
     469
     481
     464
     485
     441
     455
     505
     434
     455
     417
     431
     451
     421
     463
     452
     431
     424
     428
     473
     433
     420
     436
     417
     456
     450
     411
     404
     447
     427
     412
     428
     438
     456
     394
     447
     386
     389
     402
     417
     377
     360
     354
     388
     393
     423
     386
     363
     408
     423
     410
     383
     391
     390
     378
     356
     380
     365
     365
     383
     397
     391
     372
     346
     375
     355
     365
     362
     372
     323
     361
     350
     360
     329
     353
     381
     367
     369
     354
     369
     340
     351
     373
     342
     370
     374
     368
     328
     382
     347
     363
     325
     334
     341
     339
     366
     328
     310
     323
     366
     334
     327
     349
     356
     336
     332
     333
     349
     317
     380
     317
     318
     316
     324
     354
     343
     332
     348
     337
     308
     331
     307
     336
     304
     342
     332
     325
     343
     307
     337
     319
     337
     308
     311
     310
     309
     299
     318
     336
     325
     295
     308
     320
     288
     281
     316
     289
     318
     289
     310
     310
     284
     272
     318
     284
     308
     306
     296
     285
     268
     282
     275
     282
     279
     298
     279
     260
     305
     293
     291
     287
     257
     291
     270
     274
     257
     278
     277
     267
     249
     283
     281
     292
     246
     268
     267
     286
     267
     263
     243
     244
     272
     262
     234
     268
     266
     264
     251
     234
     266
     210
     250
     259
     246
     229
     258
     244
     283
     224
     261
     256
     253
     267
     240
     231
     272
     298
     229
     246
     218
     212
     232
     252
     268
     248
     254
     225
     226
     220
     230
     247
     207
     209
     224
     218
     207
     237
     233
     226
     234
     217
     222
     250
     226
     224
     220
     226
     220
     215
     189
     224
     211
     217
     226
     211
     212
     240
     213
     203
     229
     202
     220
     217
     223
     206
     220
     222
     214
     200
     197
     205
     199
     217
     227
     196
     207
     217
     210
     211
     196
     225
     200
     205
     198
     190
     193
     202
     171
     183
     200
     185
     201
     212
     190
     188
     196
     178
     178
     186
     204
     201
     175
     162
     196
     169
     189
     190
     214
     171
     191
     174
     199
     186
     184
     181
     160
     171
     166
     168
     180
     198
     192
     161
     177
     177
     169
     157
     154
     185
     178
     146
     191
     159
     178
     175
     170
     161
     166
     144
     166
     140
     179
     192
     156
     180
     165
     177
     146
     128
     175
     164
     171
     162
     167
     174
     148
     126
     160
     172
     159
     146
     180
     169
     164
     159
     169
     135
     136
     156
     141
     161
     156
     137
     168
     172
     161
     177
     130
     131
     185
     134
     110
     155
     145
     137
     144
     144
     133
     140
     158
     154
     127
     126
     125
     148
     155
     153
     155
     145
     159
     150
     121
     153
     157
     142
     137
     156
     123
     124
     117
     125
     123
     140
     133
     132
     136
     113
     146
     124
     140
     121
     133
     129
     123
     141
     132
     141
     112
     114
     116
     106
     130
     119
     111
     143
     135
     131
     124
     104
     135
     120
     117
     111
     112
     145
     131
     124
     124
     108
     117
     128
     137
     127
     117
     108
     123
     112
     140
     132
     114
     130
     131
     117
     104
     106
     120
     108
     116
     130
     113
     123
     103
     124
     125
     114
     115
     121
     136
     140
     112
     109
     128
     120
     113
     112
     137
     119
     103
     114
     116
     140
     120
     108
     106
     113
     124
     119
     122
     112
     111
     117
     110
      95
     118
     119
     118
     120
     114
     132
     127
     127
     107
     108
     109
     114
     136
     111
     115
     118
     139
     127
     135
     120
     119
     129
     117
     138
     129
     121
      97
     112
     137
     116
     129
     107
     116
     125
     117
     131
     120
     117
     109
     126
     129
     112
     127
     113
     117
     119
     132
     125
     108
     119
     117
     124
     125
     128
     132
     121
     133
     115
     127
     108
      90
     121
     127
     133
     116
     134
     137
     123
     114
     135
     125
     124
     127
     130
      97
     124
     139
     140
     136
     140
     127
     134
     122
     122
     117
     150
     114
     120
     125
     118
     148
     108
     124
     137
     120
     144
     139
     133
     147
     129
     129
     124
     136
     132
     151
     117
     124
     153
     127
     164
     139
     143
     121
     126
     134
     130
     152
     142
     162
     163
     141
     148
     122
     137
     131
     132
     136
     147
     142
     141
     140
     150
     151
     149
     148
     171
     146
     166
     156
     155
     150
     155
     176
     170
     171
     162
     175
     174
     156
     182
     151
     168
     176
     156
     158
     170
     149
     150
     142
     155
     154
     154
     155
     189
     163
     195
     162
     179
     168
     183
     201
     179
     192
     148
     192
     156
     190
     181
     200
     198
     192
     196
     174
     193
     191
     217
     202
     221
     220
     200
     182
     199
     225
     173
     208
     225
     226
     205
     210
     219
     238
     212
     244
     256
     228
     238
     240
     252
     281
     251
     263
     276
     266
     292
     301
     281
     259
     269
     304
     282
     279
     312
     311
     277
     287
     321
     372
     305
     277
     343
     320
     313
     338
     380
     363
     353
     385
     381
     366
     362
     412
     421
     390
     405
     411
     444
     394
     448
     398
     413
     408
     450
     435
     474
     455
     472
     484
     510
     516
     519
     497
     499
     506
     558
     530
     540
     529
     541
     573
     577
     586
     557
     595
     616
     619
     641
     708
     657
     690
     656
     689
     690
     693
     768
     711
     731
     751
     712
     796
     809
     743
     861
     814
     850
     790
     846
     880
     845
     891
     875
     880
     916
     928
     869
     895
     954
     974
     924
    1036
    1021
     965
     947
    1018
     939
    1070
    1035
    1036
    1077
    1103
    1037
    1122
    1082
    1079
    1144
    1191
    1129
    1149
    1143
    1178
    1195
    1238
    1254
    1159
    1220
    1295
    1245
    1238
    1293
    1244
    1244
    1280
    1303
    1373
    1320
    1359
    1302
    1279
    1300
    1358
    1344
    1357
    1407
    1364
    1360
    1367
    1344
    1458
    1384
    1368
    1454
    1485
    1410
    1402
    1428
    1471
    1440
    1481
    1466
    1470
    1503
    1431
    1471
    1473
    1427
    1425
    1436
    1450
    1463
    1471
    1461
    1479
    1484
    1484
    1467
    1449
    1434
    1454
    1455
    1462
    1467
    1403
    1519
    1490
    1426
    1416
    1493
    1434
    1411
    1397
    1428
    1413
    1385
    1384
    1406
    1385
    1439
    1435
    1388
    1404
    1392
    1367
    1320
    1385
    1322
    1340
    1361
    1354
    1362
    1284
    1388
    1300
    1331
    1313
    1238
    1361
    1240
    1306
    1277
    1246
    1265
    1259
    1207
    1169
    1266
    1211
    1125
    1219
    1203
    1216
    1155
    1133
    1179
    1160
    1202
    1105
    1129
    1182
    1103
    1172
    1069
    1053
    1105
    1061
    1108
     982
    1059
    1028
    1017
     978
    1035
    1033
     943
     994
     949
     993
     919
     904
     964
     910
     934
     931
     925
     885
     833
     919
     856
     828
     831
     804
     892
     836
     815
     809
     810
     784
     752
     797
     809
     773
     744
     756
     751
     742
     683
     697
     715
     678
     702
     699
     680
     691
     691
     661
     667
     609
     639
     598
     625
     584
     594
     601
     593
     565
     587
     648
     545
     541
     558
     535
     562
     538
     564
     591
     526
     521
     548
     520
     476
     498
     479
     483
     487
     487
     450
     469
     483
     437
     462
     493
     433
     447
     415
     445
     402
     408
     406
     397
     438
     385
     399
     395
     382
     385
     357
     371
     380
     330
     349
     362
     379
     335
     351
     335
     339
     326
     325
     332
     349
     316
     324
     328
     325
     322
     317
     317
     308
     328
     309
     284
     277
     300
     241
     286
     254
     270
     281
     234
     281
     255
     272
     267
     273
     268
     243
     222
     242
     252
     238
     223
     248
     226
     228
     208
     228
     203
     248
     204
     230
     206
     204
     223
     191
     205
     202
     206
     187
     177
     187
     174
     181
     165
     198
     167
     171
     176
     155
     165
     156
     167
     198
     161
     154
     173
     179
     165
     162
     172
     153
     142
     153
     158
     149
     125
     141
     154
     133
     160
     158
     149
     161
     141
     161
     141
     134
     130
     121
     147
     135
     122
     141
     110
     131
     110
     128
     115
     102
     129
     121
     119
     122
     111
     116
     117
     127
     124
     100
     117
     142
     115
     110
     124
     113
     119
      99
     130
     119
      95
     103
     104
      91
     117
      96
     123
     109
     106
     101
      95
     100
     103
     115
      84
      86
     102
     105
      97
     117
      85
      84
     100
      96
      93
      78
      78
     107
     116
      89
      91
      97
      96
      85
     101
      84
      93
      87
      86
      84
      88
      94
      79
      75
      70
      73
      76
      85
      94
      69
      87
      85
      84
      84
      84
      79
      92
      80
      72
      83
      87
      82
      86
      63
      84
      80
      70
      67
      72
      76
      87
      89
      74
      78
      86
      78
      78
      84
      90
      81
      74
      75
      62
      66
      99
      75
      72
      83
      64
      71
      79
      76
      77
      99
      70
      70
      73
      74
      60
      65
      68
      73
      74
      58
      77
      71
      88
      68
      61
      71
      75
      76
      67
      69
      78
      72
      89
      76
      72
      78
      81
      86
      74
      60
      71
      71
      77
      82
      56
      75
      77
      65
      70
      64
      68
      61
      74
      78
      59
      75
      78
      61
      56
      74
      75
      85
      55
      74
      69
      75
      68
      89
      65
      65
      61
      59
      52
      52
      82
      62
      68
      85
      53
      68
      70
      75
      70
      79
      73
      67
      62
      63
      68
      65
      70
      60
      76
      63
      68
      63
      55
      73
      64
      77
      67
      68
      77
      66
      51
      72
      61
      66
      45
      65
      59
      68
      62
      70
      72
      72
      69
      73
      62
      67
      57
      66
      65
      38
      73
      54
      71
      72
      69
      71
      82
      82
      62
      64
      66
      76
      57
      72
      78
      67
      70
      61
      77
      66
      83
      70
      73
      84
      80
      60
      68
      52
      81
      62
      89
      69
      79
      74
      77
      57
      65
      81
      67
      85
      59
      54
      70
      67
      71
      56
      60
      62
      71
      74
      57
      77
      64
      77
      74
      66
      79
      70
      64
      57
      71
      65
      69
      66
      75
      72
      64
      77
      61
      66
      70
      56
      63
      76
      69
      62
      64
      71
      72
      77
      73
      69
      64
      72
      62
      74
      58
       0
       0
       0
       0
       0
       0
       0
       0
       0
       0
       0
       0
       0
       0
       0
       0
       0
       0
       0
       0
       0
       0
       0
       0
       0
       0
       0
       0
       0
       0
       0
       0
$ROI:
1
1052 1815
$PRESETS:
Live Time
300
0
$ENER_FIT:
0.000000 0.041319
$MCA_CAL:
3
0.000000E+000 4.131853E-002 0.000000E+000 keV
$SHAPE_CAL:
3
0.000000E+000 0.000000E+000 0.000000E+000
