$SPEC_ID:
No sample description was entered.
$SPEC_REM:
DET# 1
DETDESC# WINDOWS-E1K93MC Easy-MCA-2k SN 13158080
AP# Maestro Version 6.06
$DATE_MEA:
04/18/2019 15:31:57
$MEAS_TIM:
300 307
$DATA:
0 2047
       0
       0
       0
       0
       0
       0
       0
       0
       0
       0
       0
       0
       0
       0
       0
       0
       0
       0
       0
       0
       0
       0
       0
       0
       0
       0
       0
       0
       0
       0
       0
       0
       0
       0
       0
       0
       0
       0
       0
       0
       0
       0
       0
       0
       0
       0
       0
       0
       0
       0
       0
       0
       0
       0
       0
       0
       0
       0
       0
       0
       0
       0
       0
       0
       0
       0
       0
       0
       0
       0
       0
       0
       0
       0
       0
       0
       0
       0
       0
       0
       0
       0
       0
       0
       0
       0
       0
       0
       0
       0
       0
       0
       0
       0
       0
       0
       0
       0
       0
       0
       0
       0
       0
       0
       0
       0
       0
       0
       0
       0
       0
       0
       0
       0
       0
       0
       0
       0
       0
       0
       0
       0
       0
       0
       0
       0
       0
       0
       0
       0
       0
       0
       0
       0
       0
       0
       0
       0
       0
       0
       0
       0
       0
       0
       0
       0
       0
       0
       0
       0
       0
       0
       0
       0
       0
       0
       0
       0
       0
       0
       0
       0
       0
       0
       0
       0
       0
       0
       0
       0
       0
       0
       0
       0
       0
       0
       0
       0
       0
       0
       0
       0
       0
       0
       0
       0
       0
       0
       0
       0
       0
       0
       0
       0
       0
       0
       0
       0
       0
       0
       0
       0
       0
       0
       0
       0
       0
       0
       0
       0
       0
       0
       0
       0
       0
       0
       0
       0
       0
       0
       0
       0
       0
       0
       0
       0
       0
       0
       0
       0
       0
       0
       0
       0
       0
       0
       0
       0
       0
       0
       0
       0
       0
       0
       0
       0
       0
       0
       0
       0
       0
       0
       0
       0
       0
       0
       0
       0
       0
       0
       0
       0
       0
       0
       0
       0
       0
       0
       0
       0
       0
       0
       0
       0
       0
       0
       0
       0
       0
       0
       0
       0
       0
       0
       0
       0
       0
       0
       0
       0
       0
       0
       0
       0
       0
       0
       0
       0
       0
       0
       0
       0
       0
       0
       0
       0
       0
       0
       0
       0
       0
       0
       0
       0
       0
       0
       0
       0
       0
       0
       0
       0
       0
       0
       0
       0
       0
       0
       0
       0
       0
       0
       0
       0
       0
       0
       0
       0
       0
       0
       0
       0
       0
       0
       0
       0
       0
       0
       0
       0
       0
       0
       0
       0
       0
       0
       0
       0
       0
       0
       0
       0
       0
       0
       0
       0
       0
       0
       0
       0
       0
       0
       0
       0
       0
       0
       0
       0
       0
       0
       0
       0
       0
       0
       0
       0
       0
       0
       0
       0
       0
       0
       0
       0
       0
       0
       0
       0
       1
     495
     642
     584
     591
     628
     559
     562
     600
     603
     635
     601
     600
     581
     548
     614
     595
     605
     549
     579
     574
     580
     577
     576
     569
     572
     559
     555
     567
     508
     606
     537
     544
     613
     563
     554
     558
     549
     539
     552
     548
     535
     559
     519
     528
     544
     522
     550
     553
     474
     519
     515
     536
     531
     499
     514
     520
     514
     533
     514
     450
     493
     538
     498
     486
     533
     501
     482
     530
     514
     508
     490
     480
     534
     494
     453
     470
     507
     512
     454
     451
     510
     453
     473
     426
     439
     458
     460
     478
     417
     461
     497
     460
     478
     505
     476
     451
     444
     417
     446
     454
     431
     471
     443
     414
     457
     458
     438
     407
     427
     441
     414
     412
     417
     412
     405
     400
     402
     392
     418
     393
     389
     372
     411
     397
     420
     405
     392
     422
     428
     412
     407
     396
     409
     435
     386
     402
     400
     387
     447
     362
     382
     359
     378
     379
     378
     428
     396
     375
     366
     384
     396
     373
     367
     401
     387
     376
     365
     379
     380
     385
     354
     376
     366
     361
     402
     349
     379
     369
     385
     332
     376
     358
     347
     374
     393
     357
     378
     353
     344
     344
     348
     351
     354
     352
     343
     320
     320
     350
     330
     351
     366
     337
     348
     347
     324
     318
     339
     352
     333
     319
     314
     340
     323
     302
     322
     332
     319
     321
     318
     311
     299
     309
     324
     316
     325
     316
     327
     323
     313
     332
     349
     322
     326
     306
     330
     291
     310
     300
     338
     304
     292
     285
     304
     294
     323
     269
     317
     321
     333
     292
     290
     270
     307
     298
     305
     279
     294
     297
     290
     298
     271
     309
     285
     283
     264
     289
     285
     278
     286
     284
     275
     265
     302
     271
     282
     244
     294
     266
     277
     251
     278
     279
     289
     269
     249
     247
     265
     272
     282
     280
     256
     266
     283
     252
     253
     259
     261
     285
     255
     277
     250
     253
     266
     221
     253
     253
     251
     240
     249
     256
     230
     240
     261
     263
     245
     247
     254
     222
     268
     249
     266
     262
     249
     251
     260
     216
     246
     237
     245
     223
     221
     206
     225
     258
     210
     198
     211
     222
     227
     221
     224
     222
     218
     242
     219
     221
     234
     223
     222
     222
     220
     236
     203
     241
     199
     193
     209
     222
     234
     196
     196
     224
     218
     235
     221
     208
     205
     212
     206
     221
     213
     226
     205
     225
     225
     207
     242
     231
     192
     223
     194
     227
     225
     215
     211
     198
     236
     206
     191
     206
     200
     183
     199
     180
     179
     175
     162
     192
     190
     184
     202
     184
     193
     174
     191
     215
     181
     166
     205
     174
     198
     186
     179
     182
     185
     176
     196
     183
     212
     152
     174
     183
     180
     192
     191
     178
     173
     160
     174
     152
     175
     167
     166
     166
     179
     165
     177
     153
     141
     148
     193
     158
     155
     170
     153
     168
     167
     156
     161
     184
     163
     185
     143
     159
     182
     156
     167
     169
     169
     153
     130
     150
     133
     152
     161
     164
     132
     166
     137
     174
     138
     155
     147
     151
     169
     145
     135
     132
     156
     118
     132
     154
     162
     157
     143
     169
     149
     142
     152
     127
     147
     133
     136
     154
     137
     147
     124
     160
     115
     128
     148
     131
     132
     147
     164
     117
     116
     140
     142
     143
     126
     133
     141
     151
     130
     119
     142
     134
     118
     142
     118
     164
     132
     129
     138
     118
     129
     146
     131
     116
     126
     121
     127
     117
     132
     114
     133
     146
     123
     145
     122
     124
     117
     126
     143
     123
     113
     115
     113
     119
     142
     118
     123
     131
     114
     115
     113
     116
     116
     113
     128
     110
     141
     114
     111
     122
     113
     117
      99
     107
     122
     116
     113
     115
     129
     107
     119
     135
     104
     128
     103
     119
     103
      97
      99
     111
     109
     129
     120
     123
     107
     106
     113
     110
     115
      91
     111
     119
     132
     107
     110
      86
     100
     114
     121
     114
      94
     105
      88
      92
     103
      94
     100
     109
     104
     116
     114
      90
     126
     124
      90
     100
      97
     103
      82
      99
     106
     109
     129
     110
      94
     108
     102
     114
     106
      84
     100
      93
     105
      95
      99
     108
     118
     112
     109
     102
     108
     100
      90
     105
      99
     107
      86
     111
      84
     116
      93
     101
     110
     115
      89
      97
     100
     114
      96
     102
     120
     112
     100
     117
     104
     118
      95
      85
     113
      96
     104
     125
      98
     114
     102
      96
     114
     103
     106
     118
     110
     105
     105
     129
      97
      96
     110
     101
     107
     108
      88
     106
      82
     110
     104
     109
     118
      99
     106
     101
     114
     111
     118
     111
     111
     104
     109
     103
     110
     107
      96
     114
     116
      95
     100
     100
     117
      99
      98
      99
     102
     117
     104
     117
     117
      90
     130
      91
     120
     107
     120
     129
     112
     120
      93
     114
     128
     107
     124
     124
     112
     120
     119
     111
     110
     102
     118
     128
     138
      91
     105
     115
     135
     121
     116
     114
     117
     117
     145
     109
     151
     127
     116
     136
     130
     120
     103
     128
     113
     109
     115
     105
     115
     106
     111
     128
     142
     124
     136
     127
     136
     123
     109
     151
     133
     134
     111
     129
     129
     155
     148
     139
     160
     128
     133
     144
     127
     137
     152
     142
     140
     145
     148
     148
     133
     148
     136
     129
     136
     148
     150
     138
     166
     137
     151
     140
     163
     152
     151
     145
     168
     147
     172
     153
     170
     173
     144
     184
     155
     161
     141
     159
     149
     161
     144
     182
     165
     175
     173
     180
     181
     183
     177
     203
     198
     201
     207
     184
     210
     186
     206
     219
     263
     219
     219
     236
     186
     218
     248
     231
     233
     214
     218
     250
     263
     258
     269
     221
     258
     257
     247
     236
     227
     278
     261
     296
     258
     279
     286
     262
     290
     299
     308
     289
     294
     317
     352
     318
     321
     333
     336
     344
     372
     368
     331
     372
     375
     381
     350
     369
     383
     372
     404
     390
     441
     423
     423
     438
     408
     449
     457
     462
     466
     451
     458
     470
     519
     501
     499
     543
     507
     482
     514
     565
     552
     581
     603
     562
     551
     576
     591
     556
     551
     582
     630
     640
     633
     650
     646
     663
     683
     651
     709
     671
     712
     751
     719
     763
     751
     793
     742
     767
     795
     787
     760
     775
     803
     850
     809
     875
     880
     857
     851
     872
     891
     898
     881
     885
     872
     901
     932
     953
     965
     959
     999
     985
     924
     976
     995
    1020
     963
    1112
    1040
    1060
    1103
    1015
    1046
    1068
    1096
    1051
    1150
    1115
    1101
    1122
    1160
    1134
    1151
    1075
    1169
    1055
    1129
    1189
    1153
    1184
    1180
    1182
    1200
    1178
    1197
    1182
    1211
    1237
    1223
    1222
    1159
    1198
    1223
    1162
    1208
    1296
    1243
    1182
    1312
    1161
    1285
    1215
    1241
    1211
    1221
    1236
    1216
    1189
    1226
    1295
    1168
    1195
    1202
    1255
    1178
    1229
    1211
    1214
    1180
    1237
    1237
    1244
    1258
    1204
    1188
    1262
    1131
    1178
    1150
    1189
    1235
    1190
    1080
    1154
    1208
    1128
    1147
    1114
    1201
    1143
    1148
    1149
    1163
    1157
    1129
    1088
    1102
    1039
    1151
    1105
    1118
    1090
    1103
    1072
    1060
    1051
     996
    1098
    1020
    1022
     998
     987
     986
     983
     940
    1016
     977
     964
     889
     931
     903
     988
     941
     905
     905
     924
     954
     906
     891
     883
     875
     851
     837
     827
     829
     870
     835
     816
     770
     806
     826
     796
     777
     820
     788
     754
     740
     710
     721
     701
     754
     751
     691
     710
     754
     669
     701
     673
     647
     711
     687
     637
     636
     636
     593
     629
     652
     600
     591
     601
     626
     611
     558
     568
     566
     574
     548
     579
     517
     532
     504
     496
     508
     545
     451
     483
     479
     467
     487
     547
     480
     440
     482
     457
     443
     445
     408
     486
     450
     440
     402
     438
     410
     404
     403
     391
     346
     359
     398
     382
     396
     389
     359
     374
     352
     378
     369
     354
     334
     333
     341
     330
     295
     335
     323
     337
     321
     296
     301
     334
     320
     287
     291
     306
     288
     297
     289
     316
     260
     283
     263
     247
     269
     260
     238
     250
     220
     247
     247
     258
     234
     233
     246
     223
     237
     236
     214
     206
     229
     235
     258
     211
     218
     213
     220
     189
     214
     193
     190
     180
     198
     193
     190
     177
     205
     168
     152
     214
     210
     157
     184
     185
     181
     166
     165
     148
     158
     173
     160
     174
     171
     155
     146
     143
     151
     122
     142
     138
     156
     139
     171
     135
     139
     146
     128
     125
     141
     125
     131
     142
     133
     145
     128
     143
     105
     115
     125
     132
     116
     115
     108
     135
     123
     124
     107
     128
     116
     118
     112
     120
      92
     126
     111
     105
      90
     106
     116
     106
      98
     116
      85
     118
      96
      93
      87
      78
      86
      91
      97
     101
      95
      98
      95
      84
      93
      81
      85
     103
      88
      91
      84
      83
      94
      83
      80
      61
      90
      85
      76
      72
      89
      88
      75
     100
      88
      78
      72
      70
      79
      76
      82
      78
      83
      90
      62
      76
      80
      83
      77
      67
      65
      80
      69
      92
      53
      72
      77
      68
      54
      68
      75
      65
      62
      75
      58
      61
      68
      62
      77
      64
      64
      81
      79
      57
      53
      54
      75
      59
      76
      65
      52
      57
      67
      78
      79
      64
      61
      54
      62
      62
      54
      68
      61
      59
      74
      60
      53
      64
      73
      54
      68
      57
      68
      50
      45
      61
      57
      67
      66
      56
      69
      84
      58
      66
      56
      80
      67
      54
      43
      63
      61
      61
      55
      61
      66
      53
      59
      54
      65
      47
      65
      60
      65
      66
      54
      57
      55
      67
      59
      62
      42
      52
      53
      58
      41
      62
      51
      56
      60
      54
      59
      47
      59
      64
      53
      61
      60
      57
      50
      60
      50
      60
      55
      47
      80
      65
      59
      59
      58
      49
      53
      66
      42
      49
      46
      64
      49
      60
      54
      43
      62
      50
      51
      68
      63
      51
      65
      42
      56
      44
      50
      52
      52
      64
      84
      60
      64
      61
      61
      47
      63
      57
      57
      67
      38
      56
      55
      47
      53
      54
      51
      54
      49
      52
      65
      51
      59
      58
      43
      55
      42
      58
      57
      60
      60
      53
      65
      51
      71
      44
      65
      51
      61
      58
      43
      54
      69
      64
      47
      48
      56
      46
      50
      44
      55
      56
      54
      61
      61
      46
      44
      48
      45
      54
      48
      55
      55
      48
      44
      58
      41
      51
      51
      44
      60
      67
      72
      60
      59
      60
      75
      60
      64
      57
      56
      49
      59
      68
      51
      49
      53
      39
      46
      54
      49
      60
      57
      57
      49
      41
      63
      46
      53
      50
      44
      60
      63
      70
      50
      50
      55
      58
      68
      54
      46
      57
      50
       0
       0
       0
       0
       0
       0
       0
       0
       0
       0
       0
       0
       0
       0
       0
       0
       0
       0
       0
       0
       0
       0
       0
       0
       0
       0
       0
       0
       0
       0
       0
       0
$ROI:
1
1052 1815
$PRESETS:
Live Time
300
0
$ENER_FIT:
0.000000 0.041319
$MCA_CAL:
3
0.000000E+000 4.131853E-002 0.000000E+000 keV
$SHAPE_CAL:
3
0.000000E+000 0.000000E+000 0.000000E+000
