$SPEC_ID:
No sample description was entered.
$SPEC_REM:
DET# 1
DETDESC# WINDOWS-E1K93MC Easy-MCA-2k SN 13158080
AP# Maestro Version 6.06
$DATE_MEA:
04/18/2019 15:38:18
$MEAS_TIM:
300 304
$DATA:
0 2047
       0
       0
       0
       0
       0
       0
       0
       0
       0
       0
       0
       0
       0
       0
       0
       0
       0
       0
       0
       0
       0
       0
       0
       0
       0
       0
       0
       0
       0
       0
       0
       0
       0
       0
       0
       0
       0
       0
       0
       0
       0
       0
       0
       0
       0
       0
       0
       0
       0
       0
       0
       0
       0
       0
       0
       0
       0
       0
       0
       0
       0
       0
       0
       0
       0
       0
       0
       0
       0
       0
       0
       0
       0
       0
       0
       0
       0
       0
       0
       0
       0
       0
       0
       0
       0
       0
       0
       0
       0
       0
       0
       0
       0
       0
       0
       0
       0
       0
       0
       0
       0
       0
       0
       0
       0
       0
       0
       0
       0
       0
       0
       0
       0
       0
       0
       0
       0
       0
       0
       0
       0
       0
       0
       0
       0
       0
       0
       0
       0
       0
       0
       0
       0
       0
       0
       0
       0
       0
       0
       0
       0
       0
       0
       0
       0
       0
       0
       0
       0
       0
       0
       0
       0
       0
       0
       0
       0
       0
       0
       0
       0
       0
       0
       0
       0
       0
       0
       0
       0
       0
       0
       0
       0
       0
       0
       0
       0
       0
       0
       0
       0
       0
       0
       0
       0
       0
       0
       0
       0
       0
       0
       0
       0
       0
       0
       0
       0
       0
       0
       0
       0
       0
       0
       0
       0
       0
       0
       0
       0
       0
       0
       0
       0
       0
       0
       0
       0
       0
       0
       0
       0
       0
       0
       0
       0
       0
       0
       0
       0
       0
       0
       0
       0
       0
       0
       0
       0
       0
       0
       0
       0
       0
       0
       0
       0
       0
       0
       0
       0
       0
       0
       0
       0
       0
       0
       0
       0
       0
       0
       0
       0
       0
       0
       0
       0
       0
       0
       0
       0
       0
       0
       0
       0
       0
       0
       0
       0
       0
       0
       0
       0
       0
       0
       0
       0
       0
       0
       0
       0
       0
       0
       0
       0
       0
       0
       0
       0
       0
       0
       0
       0
       0
       0
       0
       0
       0
       0
       0
       0
       0
       0
       0
       0
       0
       0
       0
       0
       0
       0
       0
       0
       0
       0
       0
       0
       0
       0
       0
       0
       0
       0
       0
       0
       0
       0
       0
       0
       0
       0
       0
       0
       0
       0
       0
       0
       0
       0
       0
       0
       0
       0
       0
       0
       0
       0
       0
       0
       0
       0
       0
       0
       0
       0
       0
       0
       0
       0
       0
       0
       0
       0
       0
       0
       0
       0
       0
       0
       0
       0
       0
       0
       0
       0
       0
       0
       0
       0
       0
       0
       0
       0
       0
       0
       0
       0
       0
       0
       0
       1
     372
     505
     454
     485
     466
     515
     488
     497
     495
     535
     465
     475
     447
     492
     501
     472
     456
     492
     486
     477
     452
     463
     446
     439
     470
     441
     416
     422
     450
     511
     450
     411
     439
     464
     434
     450
     406
     418
     446
     466
     422
     430
     434
     398
     454
     406
     414
     440
     408
     410
     409
     436
     417
     410
     402
     458
     380
     373
     412
     437
     456
     422
     351
     449
     406
     419
     415
     384
     404
     429
     414
     413
     347
     373
     376
     372
     405
     364
     376
     388
     397
     399
     414
     383
     375
     386
     364
     392
     388
     363
     420
     389
     381
     375
     373
     343
     388
     387
     379
     372
     394
     367
     389
     365
     338
     361
     384
     342
     350
     372
     341
     371
     337
     373
     343
     356
     352
     361
     355
     345
     339
     312
     315
     324
     343
     356
     307
     343
     328
     324
     362
     318
     333
     343
     335
     322
     308
     335
     340
     296
     352
     309
     330
     320
     298
     289
     306
     290
     332
     315
     293
     309
     328
     294
     311
     297
     297
     281
     290
     296
     321
     348
     296
     307
     313
     295
     293
     304
     284
     277
     261
     324
     312
     296
     281
     308
     299
     290
     283
     274
     306
     308
     303
     301
     268
     291
     260
     245
     255
     290
     255
     260
     268
     258
     271
     277
     256
     316
     284
     251
     275
     252
     269
     248
     250
     272
     269
     270
     261
     257
     266
     295
     275
     248
     212
     253
     270
     268
     273
     267
     232
     250
     267
     253
     237
     253
     255
     240
     235
     243
     238
     225
     278
     239
     256
     250
     245
     241
     246
     247
     213
     257
     236
     234
     249
     234
     225
     245
     195
     231
     233
     223
     233
     238
     274
     198
     223
     242
     194
     219
     201
     245
     216
     203
     243
     237
     224
     220
     221
     239
     190
     224
     214
     202
     229
     216
     211
     222
     232
     218
     210
     213
     183
     214
     214
     231
     210
     202
     221
     208
     213
     201
     198
     194
     197
     200
     221
     179
     199
     197
     200
     216
     179
     205
     179
     194
     219
     198
     232
     205
     205
     186
     217
     176
     198
     169
     182
     204
     183
     183
     194
     189
     188
     169
     186
     180
     196
     183
     198
     174
     189
     193
     199
     195
     177
     165
     172
     166
     165
     162
     185
     151
     181
     172
     169
     184
     157
     198
     173
     176
     180
     162
     155
     167
     162
     161
     169
     157
     179
     168
     177
     194
     153
     171
     175
     150
     173
     179
     153
     155
     173
     167
     167
     176
     136
     138
     166
     158
     160
     176
     171
     158
     179
     147
     156
     149
     143
     141
     154
     170
     130
     155
     140
     124
     139
     133
     159
     161
     141
     161
     140
     134
     151
     157
     149
     154
     145
     142
     141
     121
     127
     145
     136
     134
     133
     164
     114
     165
     143
     137
     117
     152
     132
     120
     166
     144
     154
     160
     131
     154
     149
     122
     130
     128
     141
     140
     122
     133
     132
     124
     141
     119
     135
     128
     106
     127
     114
     113
     141
     138
     124
     124
     134
     133
     107
     129
     124
     114
     111
     118
     119
     105
     130
     112
     122
     122
     120
     120
     105
     124
     110
     117
     113
     133
     131
     116
     116
     126
     104
     111
     103
     126
     102
     118
     120
     115
     102
     116
     109
     120
     123
      94
     110
     122
     115
     109
      92
      97
     121
     114
     118
     109
     110
      98
      92
      88
     102
     101
     101
     120
      83
      99
     119
     100
     106
      97
      79
      88
      97
     112
      91
      95
      91
     106
      97
     103
      85
     107
     117
      93
      94
      84
     104
      85
      98
      96
     100
      96
      94
      98
      91
     108
      97
      92
      99
      90
      98
      95
      91
      73
      87
      87
      93
      78
      99
     101
      99
      87
     102
      85
      95
      73
      83
      73
      90
      77
      92
      88
      83
      91
      91
      86
      79
      96
      93
      79
      84
      97
      98
      95
      73
      92
      91
      94
      89
      99
      83
      65
      69
      80
      66
      83
      86
      75
      76
      92
      74
      86
      69
      80
      64
      88
      84
      70
      86
      69
      83
      78
     101
      72
      72
      87
      72
      64
      80
      89
      76
      83
      83
      60
      84
      80
      73
      64
      88
     100
      87
      80
      86
      91
      94
      77
      79
      85
      84
      75
      74
      74
      85
      78
      90
      74
      97
      82
      78
      51
      83
      57
      68
      80
      74
      69
      65
      88
      78
      83
      73
      72
      85
      69
      75
      81
      79
      80
      70
      71
      87
      76
      77
      75
      80
      69
      95
      80
      80
      72
      55
      87
      70
      75
      70
      63
      68
      68
      79
      72
      84
      64
      87
      86
      77
      66
      93
      83
      82
      75
      81
      60
      71
      80
      84
      60
      91
      67
      87
      75
      65
      65
      74
      82
      66
      85
      96
      91
      74
      67
      75
      67
      80
      76
      91
      88
      76
      76
      77
      77
      63
      78
      82
      76
      80
      72
      81
      70
      80
      67
      65
      87
      76
      69
      79
      74
      72
      79
      77
      66
      71
      81
      81
      71
      77
      71
      75
      79
      68
      84
      82
      93
      87
      77
      78
      74
      75
      67
      87
      89
      78
      79
      82
      98
      75
      84
      80
      91
     107
     100
      84
      89
      83
      91
      97
      79
      93
      87
      78
      84
      88
      88
      79
      98
      74
      88
      97
     103
      93
     108
      87
      75
      97
      92
      81
      88
      84
      83
     105
      90
      92
      95
      92
      88
      90
      95
     113
     119
     107
     101
     101
      93
     113
     108
     112
     109
     116
     103
     118
     116
     124
     126
     126
     115
     101
      94
     113
     118
     140
     119
     128
     145
     116
     110
     122
     117
     152
     145
     124
     128
     150
     151
     143
     150
     138
     144
     158
     169
     130
     140
     159
     159
     175
     162
     177
     154
     166
     171
     172
     172
     168
     154
     185
     175
     194
     161
     194
     205
     182
     219
     202
     195
     189
     221
     202
     219
     213
     232
     243
     234
     214
     218
     235
     232
     235
     250
     237
     262
     264
     264
     266
     270
     263
     268
     268
     261
     289
     268
     291
     261
     317
     338
     301
     298
     325
     321
     337
     341
     319
     326
     343
     369
     344
     375
     360
     412
     403
     378
     401
     396
     406
     387
     396
     390
     406
     403
     419
     400
     412
     429
     432
     426
     469
     450
     454
     468
     453
     473
     472
     477
     478
     479
     504
     479
     517
     464
     490
     485
     479
     506
     500
     524
     542
     510
     540
     524
     549
     543
     525
     537
     534
     531
     574
     552
     569
     580
     587
     548
     567
     553
     551
     602
     545
     579
     581
     586
     587
     605
     598
     618
     548
     567
     589
     583
     547
     595
     587
     567
     568
     595
     603
     584
     552
     596
     601
     591
     581
     618
     609
     632
     569
     606
     566
     591
     609
     541
     635
     583
     602
     598
     576
     588
     587
     579
     587
     571
     575
     568
     567
     587
     573
     605
     572
     553
     602
     539
     554
     547
     570
     601
     572
     562
     481
     503
     513
     574
     556
     544
     481
     539
     520
     513
     505
     524
     494
     515
     519
     512
     500
     502
     494
     493
     464
     474
     473
     469
     482
     445
     443
     474
     432
     448
     449
     446
     456
     436
     438
     437
     415
     422
     448
     412
     384
     404
     418
     379
     364
     398
     375
     391
     349
     333
     368
     373
     358
     341
     343
     353
     380
     309
     358
     348
     338
     331
     314
     323
     331
     346
     320
     341
     320
     314
     308
     308
     311
     304
     308
     304
     297
     291
     303
     314
     310
     264
     256
     256
     267
     275
     253
     255
     261
     250
     276
     231
     240
     233
     222
     225
     217
     225
     229
     235
     217
     199
     237
     227
     229
     207
     205
     204
     177
     224
     187
     200
     188
     183
     167
     205
     206
     184
     160
     166
     169
     179
     178
     170
     167
     159
     165
     172
     172
     140
     162
     144
     133
     140
     146
     152
     152
     161
     167
     133
     129
     120
     126
     132
     136
     117
     153
     103
     140
     132
     116
     126
     130
     115
     124
     127
     136
     113
     105
     116
     108
     115
     125
      99
     107
     118
     110
     109
     108
     109
     114
     104
      90
     103
      96
      96
      84
     113
      89
      95
      71
      80
     122
      87
      83
      95
      78
      88
      88
      79
      90
      64
      75
      75
      75
      77
      86
      64
      74
      92
      80
      72
      71
      81
      68
      71
      74
      74
      75
      53
      73
      64
      53
      76
      62
      70
      89
      63
      61
      69
      73
      53
      53
      55
      62
      62
      60
      56
      60
      54
      68
      54
      47
      60
      48
      56
      67
      53
      52
      51
      57
      48
      42
      48
      48
      63
      42
      50
      54
      37
      45
      42
      51
      57
      43
      43
      51
      53
      61
      47
      46
      39
      51
      43
      39
      45
      40
      53
      46
      43
      51
      45
      51
      55
      54
      41
      46
      56
      37
      42
      48
      35
      52
      47
      45
      29
      44
      50
      45
      49
      36
      54
      36
      39
      35
      36
      44
      39
      37
      38
      30
      37
      44
      42
      45
      32
      35
      42
      27
      42
      34
      26
      41
      41
      41
      28
      47
      25
      30
      35
      30
      39
      32
      27
      36
      23
      32
      53
      26
      25
      28
      34
      32
      32
      30
      31
      44
      37
      37
      27
      27
      25
      37
      21
      25
      46
      29
      35
      21
      41
      25
      29
      30
      31
      31
      26
      39
      21
      28
      25
      33
      32
      24
      36
      25
      30
      25
      34
      29
      34
      36
      35
      26
      25
      24
      31
      34
      23
      27
      24
      26
      30
      38
      32
      35
      31
      32
      34
      33
      31
      24
      31
      38
      34
      29
      22
      31
      23
      34
      16
      22
      27
      20
      33
      26
      27
      32
      28
      33
      23
      32
      30
      25
      36
      30
      26
      44
      34
      18
      24
      21
      23
      17
      29
      30
      24
      25
      27
      33
      28
      28
      34
      20
      28
      24
      27
      20
      27
      22
      24
      28
      22
      25
      25
      29
      33
      29
      33
      29
      28
      27
      30
      31
      33
      35
      30
      22
      26
      25
      29
      28
      24
      37
      31
      25
      27
      30
      26
      35
      32
      19
      31
      20
      31
      22
      16
      23
      29
      30
      28
      28
      21
      29
      26
      25
      32
      31
      31
      24
      36
      25
      38
      24
      22
      26
      24
      30
      33
      32
      29
      20
      20
      29
      22
      22
      23
      29
      22
      24
      24
      26
      28
      24
      28
      17
      38
      25
      26
      29
      23
      28
      21
      31
      20
      29
      19
      21
      29
      25
      23
      19
      22
      19
      26
      27
      34
      27
      25
      27
      23
      22
      26
      36
      36
      40
      35
      27
      23
      30
      32
      28
      24
      27
      24
      31
      23
      35
      27
      22
      34
      29
      41
      23
      27
      31
      25
      30
      24
      32
      28
      28
      28
      32
      18
      18
      27
      27
      26
      25
       0
       0
       0
       0
       0
       0
       0
       0
       0
       0
       0
       0
       0
       0
       0
       0
       0
       0
       0
       0
       0
       0
       0
       0
       0
       0
       0
       0
       0
       0
       0
       0
$ROI:
1
1052 1815
$PRESETS:
Live Time
300
0
$ENER_FIT:
0.000000 0.041319
$MCA_CAL:
3
0.000000E+000 4.131853E-002 0.000000E+000 keV
$SHAPE_CAL:
3
0.000000E+000 0.000000E+000 0.000000E+000
