$SPEC_ID:
No sample description was entered.
$SPEC_REM:
DET# 1
DETDESC# WINDOWS-E1K93MC Easy-MCA-2k SN 13158080
AP# Maestro Version 6.06
$DATE_MEA:
04/18/2019 15:44:46
$MEAS_TIM:
300 302
$DATA:
0 2047
       0
       0
       0
       0
       0
       0
       0
       0
       0
       0
       0
       0
       0
       0
       0
       0
       0
       0
       0
       0
       0
       0
       0
       0
       0
       0
       0
       0
       0
       0
       0
       0
       0
       0
       0
       0
       0
       0
       0
       0
       0
       0
       0
       0
       0
       0
       0
       0
       0
       0
       0
       0
       0
       0
       0
       0
       0
       0
       0
       0
       0
       0
       0
       0
       0
       0
       0
       0
       0
       0
       0
       0
       0
       0
       0
       0
       0
       0
       0
       0
       0
       0
       0
       0
       0
       0
       0
       0
       0
       0
       0
       0
       0
       0
       0
       0
       0
       0
       0
       0
       0
       0
       0
       0
       0
       0
       0
       0
       0
       0
       0
       0
       0
       0
       0
       0
       0
       0
       0
       0
       0
       0
       0
       0
       0
       0
       0
       0
       0
       0
       0
       0
       0
       0
       0
       0
       0
       0
       0
       0
       0
       0
       0
       0
       0
       0
       0
       0
       0
       0
       0
       0
       0
       0
       0
       0
       0
       0
       0
       0
       0
       0
       0
       0
       0
       0
       0
       0
       0
       0
       0
       0
       0
       0
       0
       0
       0
       0
       0
       0
       0
       0
       0
       0
       0
       0
       0
       0
       0
       0
       0
       0
       0
       0
       0
       0
       0
       0
       0
       0
       0
       0
       0
       0
       0
       0
       0
       0
       0
       0
       0
       0
       0
       0
       0
       0
       0
       0
       0
       0
       0
       0
       0
       0
       0
       0
       0
       0
       0
       0
       0
       0
       0
       0
       0
       0
       0
       0
       0
       0
       0
       0
       0
       0
       0
       0
       0
       0
       0
       0
       0
       0
       0
       0
       0
       0
       0
       0
       0
       0
       0
       0
       0
       0
       0
       0
       0
       0
       0
       0
       0
       0
       0
       0
       0
       0
       0
       0
       0
       0
       0
       0
       0
       0
       0
       0
       0
       0
       0
       0
       0
       0
       0
       0
       0
       0
       0
       0
       0
       0
       0
       0
       0
       0
       0
       0
       0
       0
       0
       0
       0
       0
       0
       0
       0
       0
       0
       0
       0
       0
       0
       0
       0
       0
       0
       0
       0
       0
       0
       0
       0
       0
       0
       0
       0
       0
       0
       0
       0
       0
       0
       0
       0
       0
       0
       0
       0
       0
       0
       0
       0
       0
       0
       0
       0
       0
       0
       0
       0
       0
       0
       0
       0
       0
       0
       0
       0
       0
       0
       0
       0
       0
       0
       0
       0
       0
       0
       0
       0
       0
       0
       0
       0
       0
       0
       0
       0
       0
       0
       0
       0
       0
       0
       0
       0
       0
       0
       0
       0
     290
     382
     376
     418
     415
     353
     373
     392
     369
     377
     352
     350
     359
     370
     345
     321
     384
     354
     378
     381
     348
     341
     365
     355
     385
     355
     357
     352
     320
     368
     346
     351
     334
     349
     328
     353
     363
     329
     322
     365
     357
     362
     321
     329
     346
     331
     312
     339
     343
     329
     314
     311
     301
     353
     343
     315
     322
     325
     332
     281
     350
     324
     316
     298
     300
     344
     336
     296
     352
     318
     297
     320
     315
     304
     289
     306
     314
     289
     304
     292
     273
     278
     264
     308
     302
     284
     293
     308
     280
     288
     300
     309
     292
     281
     296
     280
     282
     290
     263
     279
     314
     311
     261
     283
     272
     272
     284
     270
     266
     314
     279
     274
     274
     262
     262
     245
     272
     274
     254
     292
     253
     267
     260
     277
     258
     268
     255
     258
     259
     294
     249
     250
     267
     247
     257
     265
     234
     233
     251
     253
     278
     231
     277
     269
     243
     239
     259
     262
     239
     232
     224
     250
     254
     264
     240
     209
     263
     221
     205
     231
     242
     223
     237
     246
     242
     217
     198
     243
     212
     231
     216
     231
     222
     248
     229
     223
     234
     223
     231
     215
     221
     216
     188
     220
     203
     223
     201
     218
     219
     186
     207
     193
     201
     187
     227
     189
     207
     236
     217
     206
     207
     205
     233
     186
     212
     223
     178
     189
     215
     208
     227
     181
     196
     189
     171
     215
     193
     185
     197
     196
     180
     195
     202
     231
     193
     169
     217
     172
     194
     196
     182
     206
     166
     178
     193
     171
     179
     208
     171
     187
     197
     167
     190
     193
     175
     164
     180
     175
     178
     174
     163
     191
     185
     157
     179
     180
     181
     159
     166
     194
     195
     166
     173
     176
     205
     143
     179
     169
     166
     171
     158
     184
     167
     176
     169
     167
     179
     178
     181
     178
     151
     177
     169
     179
     161
     164
     170
     190
     156
     154
     161
     158
     159
     174
     150
     160
     154
     157
     140
     156
     141
     157
     169
     160
     161
     167
     150
     167
     150
     142
     137
     141
     142
     119
     148
     154
     150
     142
     146
     134
     138
     144
     139
     140
     134
     142
     138
     124
     146
     141
     168
     159
     124
     154
     136
     150
     134
     119
     129
     124
     158
     133
     129
     152
     137
     139
     155
     144
     126
     133
     132
     127
     127
     139
     143
     135
     119
     118
     120
     139
     140
     131
     138
     110
     134
     137
     114
     119
     132
     118
     116
     132
     106
     114
     108
     110
     119
     121
     120
     113
     123
     143
     137
     115
     110
     117
     117
     118
     118
     134
     123
     113
     114
     117
     111
     123
     113
      95
     120
     142
     101
     108
     124
      99
     116
     122
     118
      93
     131
     131
     102
     106
     113
     113
     104
     104
     104
      97
     108
     111
      99
     107
      87
     110
      93
      89
      90
     117
     112
     111
     112
     105
     102
      91
     120
     102
      98
     104
     114
      98
      82
     100
      97
      98
     107
     105
      87
     111
     107
      97
      78
      95
      83
     101
      92
     102
      76
      97
      88
      81
     109
      89
      96
      78
      91
      90
      91
     102
      96
      93
      80
      96
      86
      92
      90
      88
      89
      87
      81
      85
      88
      75
     101
      97
      78
      93
      90
      77
     103
      93
     105
      83
      81
      83
      98
      63
      75
      95
      85
      79
      63
      75
      88
      74
      79
      95
      73
      77
      74
      68
      82
     100
      77
      92
      67
      74
      65
      62
      83
      78
      85
      53
      85
      77
      80
      77
      72
      80
      69
      64
      86
      66
      73
      69
      60
      66
      58
      71
      79
      84
      67
      65
      74
      63
      53
      61
      68
      78
      58
      71
      69
      61
      67
      60
      66
      62
      59
      60
      68
      55
      79
      66
      63
      48
      82
      74
      64
      69
      58
      67
      63
      56
      61
      75
      70
      57
      72
      60
      65
      58
      69
      64
      68
      66
      57
      59
      58
      60
      60
      70
      56
      51
      69
      83
      61
      49
      57
      43
      67
      60
      42
      57
      59
      73
      51
      49
      55
      69
      61
      50
      62
      53
      64
      64
      56
      60
      59
      59
      45
      54
      54
      58
      59
      40
      69
      54
      52
      42
      65
      48
      41
      47
      56
      60
      49
      52
      64
      59
      60
      58
      61
      59
      55
      51
      46
      43
      63
      51
      49
      49
      38
      50
      46
      40
      51
      52
      48
      46
      37
      58
      55
      52
      46
      48
      46
      47
      42
      36
      50
      48
      45
      48
      52
      46
      39
      52
      48
      50
      37
      49
      44
      66
      58
      46
      51
      47
      53
      35
      50
      56
      48
      46
      47
      50
      60
      46
      47
      40
      51
      46
      40
      45
      51
      49
      40
      57
      54
      45
      58
      55
      47
      40
      33
      39
      55
      57
      52
      50
      46
      39
      46
      36
      43
      33
      53
      56
      53
      49
      60
      35
      46
      45
      52
      37
      41
      42
      39
      36
      53
      59
      47
      39
      56
      43
      47
      46
      43
      42
      42
      42
      44
      47
      50
      48
      45
      39
      48
      31
      54
      27
      53
      44
      41
      43
      39
      36
      47
      60
      51
      34
      37
      46
      43
      44
      32
      51
      55
      36
      52
      35
      41
      50
      51
      27
      55
      49
      40
      40
      43
      40
      50
      37
      39
      51
      40
      50
      55
      42
      43
      46
      54
      47
      32
      51
      60
      50
      43
      37
      52
      51
      68
      52
      55
      36
      48
      52
      51
      42
      48
      57
      63
      72
      47
      46
      59
      55
      46
      53
      39
      63
      54
      54
      62
      60
      62
      67
      45
      62
      58
      46
      67
      42
      49
      58
      68
      55
      68
      56
      54
      77
      71
      69
      57
      61
      68
      60
      65
      82
      71
      62
      79
      70
      65
      68
      59
      87
      86
      78
      54
      82
      68
      64
      81
      81
      83
      73
      65
      80
      87
      73
      83
      89
      71
      70
      89
      95
      89
      96
      92
      82
      94
     104
     102
      83
      93
     101
      99
      96
     102
     104
      99
     122
     106
     111
     131
     125
     107
      99
     111
     118
     125
     116
     124
     116
     113
     112
     128
     126
     131
     122
     130
     111
     135
     132
     126
     140
     153
     156
     135
     121
     146
     168
     147
     159
     142
     161
     147
     156
     158
     184
     174
     157
     176
     176
     171
     166
     185
     170
     160
     191
     177
     207
     166
     173
     169
     200
     188
     181
     175
     172
     189
     190
     182
     203
     198
     211
     202
     216
     205
     204
     207
     207
     196
     212
     194
     203
     217
     223
     205
     224
     210
     210
     220
     206
     216
     220
     204
     212
     224
     224
     204
     231
     181
     193
     193
     207
     202
     201
     206
     229
     211
     189
     220
     203
     219
     229
     214
     206
     208
     202
     219
     197
     180
     197
     199
     224
     212
     191
     210
     180
     214
     229
     188
     194
     192
     187
     225
     233
     202
     214
     183
     193
     202
     197
     194
     182
     211
     190
     194
     174
     196
     189
     195
     202
     193
     183
     195
     187
     193
     191
     175
     185
     160
     172
     171
     182
     174
     163
     194
     169
     163
     157
     157
     170
     160
     158
     171
     168
     156
     151
     152
     150
     165
     135
     140
     152
     139
     154
     146
     163
     149
     129
     141
     158
     143
     120
     154
     124
     129
     134
     127
     121
     134
     125
     139
     136
     129
     134
     121
     117
     112
     127
     117
     122
     122
      82
     114
     115
      97
     124
      95
      82
     103
     114
      81
     115
     100
     102
     101
      98
      87
      91
      76
     114
      86
     100
      72
      91
      89
      74
      95
     104
      84
     101
      72
      75
      78
      80
      84
      87
      84
      82
      70
      65
      78
      66
      82
      69
      86
      61
      76
      68
      85
      74
      58
      60
      65
      76
      71
      59
      66
      63
      64
      64
      53
      56
      52
      59
      44
      55
      47
      44
      50
      50
      55
      54
      62
      51
      53
      42
      56
      54
      41
      52
      49
      44
      34
      38
      52
      49
      58
      45
      43
      46
      41
      43
      54
      31
      39
      43
      41
      37
      46
      45
      43
      36
      38
      42
      27
      38
      43
      36
      41
      35
      28
      41
      44
      40
      28
      30
      32
      44
      31
      29
      26
      29
      33
      24
      31
      37
      34
      32
      20
      29
      27
      26
      32
      26
      26
      33
      37
      32
      22
      17
      27
      21
      27
      20
      19
      29
      26
      22
      24
      21
      19
      25
      30
      25
      36
      25
      26
      17
      32
      18
      19
      25
      22
      24
      28
      17
      27
      21
      24
      18
      19
      27
      20
      16
      21
      23
      28
      20
      12
      22
      15
      20
      18
      21
      17
      15
      21
      17
      26
      13
      19
      19
      16
      18
      20
      24
      17
      18
      12
      21
      12
      29
      13
      21
       9
      23
      15
      16
      19
      15
      19
      18
      15
      19
      15
      16
      13
      12
      13
      12
      15
      18
      10
      13
      21
      18
      25
      14
      11
      14
      18
      15
      13
      11
      10
      15
      10
      23
      12
      14
      14
      14
      10
      22
      15
      12
      20
      10
      12
       6
      17
      12
      16
      14
       9
      14
      11
      11
      18
      13
      14
      18
      13
      12
      16
      11
      13
      17
      13
      17
      14
      18
      17
      10
      10
      18
      17
      10
      17
      13
      16
      18
       9
      17
      15
      16
      10
      13
      16
      12
      11
      11
      12
      14
      18
      14
       7
      13
      13
      11
      12
      14
      13
      10
      13
      14
       8
      11
       6
       9
       7
      11
       9
      10
      12
      15
      14
       8
      15
      13
      10
      15
      15
      12
       6
       7
      13
      13
      21
      12
      16
      16
       9
      10
      13
      10
       9
      11
      10
      10
      14
      12
      16
       8
      12
      15
       8
      12
      20
      10
      15
      10
      15
      10
      11
      11
      10
       9
      11
       5
      13
      11
      19
      14
      13
       6
      17
       9
      14
      10
      16
      14
      17
      10
      13
      11
       8
      19
       6
      12
      12
      15
      16
      15
      14
      14
       9
      12
      19
       8
      16
      15
      14
       7
      16
      10
      12
       7
      15
      12
      11
      10
       8
      12
      10
      11
      14
      13
      16
       6
       6
      10
      14
      12
      13
      10
      12
      13
      13
      14
       7
       5
      12
      13
      10
      13
       8
      11
      15
      11
      13
      12
      16
      12
       9
      14
       9
      10
       7
       9
      11
      15
      10
      15
      13
       6
      14
      12
       4
      12
      10
      13
       4
      14
      10
      12
      11
      15
      12
       9
      11
      12
      11
      11
      15
       9
       7
      12
      10
      11
      19
       9
       9
      10
      10
       9
       9
      10
       8
       9
      13
      12
      26
      13
      11
       9
      15
      14
       9
       7
       8
      14
      16
       2
       7
      16
      10
      11
      14
      11
      18
      10
       4
       6
      10
       5
      17
      14
      10
      12
      11
      11
       7
       0
       0
       0
       0
       0
       0
       0
       0
       0
       0
       0
       0
       0
       0
       0
       0
       0
       0
       0
       0
       0
       0
       0
       0
       0
       0
       0
       0
       0
       0
       0
       0
$ROI:
1
1052 1815
$PRESETS:
Live Time
300
0
$ENER_FIT:
0.000000 0.041319
$MCA_CAL:
3
0.000000E+000 4.131853E-002 0.000000E+000 keV
$SHAPE_CAL:
3
0.000000E+000 0.000000E+000 0.000000E+000
