$SPEC_ID:
No sample description was entered.
$SPEC_REM:
DET# 1
DETDESC# WINDOWS-E1K93MC Easy-MCA-2k SN 13158080
AP# Maestro Version 6.06
$DATE_MEA:
04/18/2019 14:53:49
$MEAS_TIM:
300 303
$DATA:
0 2047
       0
       0
       0
       0
       0
       0
       0
       0
       0
       0
       0
       0
       0
       0
       0
       0
       0
       0
       0
       0
       0
       0
       0
       0
       0
       0
       0
       0
       0
       0
       0
       0
       0
       0
       0
       0
       0
       0
       0
       0
       0
       0
       0
       0
       0
       0
       0
       0
       0
       0
       0
       0
       0
       0
       0
       0
       0
       0
       0
       0
       0
       0
       0
       0
       0
       0
       0
       0
       0
       0
       0
       0
       0
       0
       0
       0
       0
       0
       0
       0
       0
       0
       0
       0
       0
       0
       0
       0
       0
       0
       0
       0
       0
       0
       0
       0
       0
       0
       0
       0
     468
     610
     681
     698
     625
     650
     616
     641
     653
     605
     656
     664
     626
     634
     652
     640
     634
     652
     649
     672
     660
     614
     677
     611
     677
     645
     630
     636
     602
     610
     653
     702
     635
     626
     634
     605
     595
     639
     595
     610
     639
     643
     574
     615
     616
     654
     635
     585
     558
     575
     618
     622
     615
     573
     578
     612
     604
     607
     605
     587
     579
     575
     581
     577
     624
     572
     589
     626
     579
     581
     588
     598
     573
     605
     556
     593
     595
     599
     581
     593
     553
     613
     555
     600
     576
     619
     597
     579
     558
     564
     575
     572
     587
     555
     581
     602
     537
     594
     511
     623
     563
     573
     587
     593
     554
     573
     533
     535
     561
     534
     528
     608
     519
     561
     576
     550
     558
     572
     563
     544
     541
     516
     571
     532
     550
     531
     584
     514
     541
     563
     529
     583
     557
     520
     575
     543
     562
     547
     517
     507
     567
     559
     532
     531
     497
     540
     567
     562
     565
     520
     518
     521
     485
     521
     542
     556
     551
     512
     546
     524
     535
     563
     509
     525
     521
     539
     518
     531
     549
     511
     537
     525
     561
     556
     518
     599
     528
     499
     513
     512
     527
     512
     477
     509
     482
     515
     514
     514
     488
     491
     531
     525
     504
     484
     525
     505
     496
     505
     566
     514
     495
     495
     509
     502
     498
     499
     473
     500
     514
     523
     521
     511
     486
     473
     499
     486
     528
     513
     467
     474
     526
     442
     504
     495
     479
     504
     461
     491
     468
     469
     454
     453
     456
     486
     470
     499
     462
     540
     479
     488
     513
     442
     471
     461
     476
     484
     474
     466
     441
     491
     437
     493
     487
     464
     478
     445
     505
     474
     444
     448
     454
     477
     493
     454
     479
     427
     454
     470
     451
     458
     458
     456
     475
     459
     450
     461
     468
     427
     451
     478
     489
     468
     426
     453
     450
     429
     442
     440
     475
     451
     482
     439
     414
     460
     470
     455
     420
     421
     449
     466
     444
     418
     426
     444
     414
     475
     434
     417
     479
     425
     413
     413
     447
     421
     459
     458
     437
     456
     431
     441
     446
     403
     431
     409
     377
     416
     399
     428
     389
     447
     431
     407
     410
     410
     418
     433
     365
     450
     428
     388
     425
     417
     397
     418
     404
     418
     380
     431
     442
     387
     411
     402
     425
     393
     400
     388
     430
     412
     393
     445
     393
     365
     378
     397
     429
     370
     396
     417
     396
     377
     344
     374
     377
     381
     394
     377
     424
     356
     387
     381
     401
     383
     398
     361
     376
     383
     371
     344
     359
     367
     357
     406
     363
     389
     385
     361
     370
     364
     342
     362
     355
     367
     376
     386
     364
     348
     357
     367
     378
     356
     392
     330
     333
     355
     357
     321
     410
     379
     347
     373
     387
     348
     389
     373
     349
     336
     319
     343
     343
     373
     360
     337
     333
     388
     314
     355
     372
     378
     327
     351
     337
     348
     338
     342
     345
     362
     356
     358
     335
     335
     343
     362
     341
     328
     328
     338
     330
     324
     296
     322
     313
     334
     324
     316
     320
     327
     366
     293
     291
     322
     341
     311
     284
     329
     289
     287
     313
     284
     295
     285
     325
     296
     321
     314
     322
     310
     314
     305
     265
     295
     318
     307
     275
     306
     304
     302
     274
     295
     282
     311
     339
     296
     293
     303
     277
     316
     302
     288
     303
     301
     310
     277
     289
     262
     290
     262
     293
     289
     263
     279
     280
     258
     276
     244
     292
     258
     251
     278
     323
     304
     272
     251
     260
     255
     248
     247
     252
     274
     288
     274
     243
     263
     263
     274
     235
     276
     278
     275
     250
     246
     268
     257
     264
     253
     230
     278
     250
     246
     260
     272
     255
     240
     264
     236
     247
     237
     265
     228
     260
     282
     220
     210
     223
     239
     245
     265
     246
     239
     245
     233
     236
     246
     240
     241
     239
     231
     249
     236
     247
     208
     237
     239
     233
     233
     239
     245
     217
     239
     236
     205
     239
     217
     242
     213
     231
     231
     219
     222
     200
     227
     205
     194
     225
     229
     209
     216
     204
     205
     199
     230
     189
     216
     212
     203
     169
     211
     206
     217
     203
     206
     188
     175
     212
     221
     216
     223
     200
     199
     193
     193
     220
     184
     194
     215
     187
     194
     215
     215
     197
     195
     211
     158
     186
     210
     190
     198
     191
     213
     164
     205
     181
     190
     194
     189
     173
     158
     177
     185
     188
     200
     199
     175
     173
     152
     166
     167
     179
     184
     169
     161
     191
     169
     197
     172
     167
     189
     177
     165
     162
     185
     158
     169
     155
     192
     176
     151
     159
     124
     158
     177
     144
     171
     165
     170
     133
     160
     147
     156
     147
     151
     163
     164
     150
     147
     144
     139
     142
     138
     147
     133
     139
     144
     153
     133
     133
     151
     150
     138
     137
     145
     118
     119
     154
     149
     140
     142
     122
     106
     133
     127
     126
     152
     125
     107
     135
     125
     113
     120
     114
     129
     117
     123
     112
     140
     154
     110
     133
     125
     116
     125
     119
     119
     119
     138
     125
     124
     118
     117
     111
     106
     130
     128
     143
     126
     108
     117
     121
     111
     111
     107
     107
     118
     102
     131
     107
     120
     114
     114
     115
      96
     103
     110
     105
     114
     107
     122
     110
     111
      88
     119
     110
     104
     106
      91
      90
      99
     100
      98
      96
     115
     131
      91
      79
     103
      93
      89
      94
      94
      88
     107
     107
     107
      83
      91
      67
      89
      80
      87
      85
     104
      88
      87
      75
      88
      76
      79
      69
      74
      83
     107
      75
      88
      80
      84
      81
      98
      84
      83
      70
      73
      84
      69
      73
      73
      95
      68
      67
      70
      82
      75
      67
      80
      89
      75
      59
      88
      75
      60
      76
      88
      59
      74
      71
      77
      65
      67
      77
      68
      63
      66
      76
      69
      61
      72
      73
      68
      71
      64
      76
      51
      57
      57
      65
      61
      60
      54
      88
      58
      62
      54
      70
      62
      57
      55
      44
      74
      50
      63
      65
      60
      57
      54
      50
      50
      51
      51
      46
      61
      66
      59
      46
      48
      48
      43
      55
      66
      69
      43
      58
      64
      47
      56
      51
      45
      51
      57
      49
      48
      41
      48
      49
      52
      56
      44
      57
      51
      41
      43
      31
      39
      46
      45
      41
      58
      45
      54
      41
      40
      57
      44
      46
      40
      41
      50
      42
      35
      50
      44
      44
      44
      57
      34
      37
      37
      43
      43
      32
      39
      42
      42
      35
      34
      36
      40
      30
      48
      34
      33
      33
      33
      31
      44
      39
      33
      29
      26
      36
      27
      33
      26
      30
      42
      31
      28
      34
      29
      29
      27
      31
      39
      34
      24
      22
      37
      21
      27
      30
      26
      28
      29
      18
      28
      21
      29
      22
      29
      16
      19
      21
      17
      13
      22
      28
      22
      25
      24
      22
      28
      19
      23
      21
      18
      20
      21
      25
      23
      19
      23
      19
      17
      24
      18
      27
      20
      25
      21
      20
      22
      22
      14
      22
      15
      18
      17
      23
      17
      25
      23
      14
      16
      18
      14
      15
      18
      23
      19
       9
      18
      20
       9
       8
      17
      18
      11
      23
       9
      15
      18
      15
      21
      12
      10
       7
      21
      12
      16
      11
       7
       7
      18
      13
      10
      14
      15
      13
      10
      14
      13
      16
      10
       9
      12
       8
      10
      13
       9
      17
      17
       8
      10
      10
      10
      11
       8
       5
      10
      14
      10
       9
       8
       8
      11
       9
      13
      11
       9
      13
       2
       8
       9
       5
      15
      12
       5
       7
       8
       8
       9
       7
       8
       7
       4
       6
      11
       6
       9
       4
       7
       7
       8
       6
       4
       9
       3
       8
       9
      11
      11
       9
       4
       7
       5
      11
       4
       5
       4
       7
       5
       4
       8
       4
       3
       5
       2
       9
       8
       5
       6
       5
       3
       5
       3
       3
       6
       6
       5
       7
       5
       3
       1
       6
       5
       9
       6
       1
       1
       2
       4
       2
       3
       5
       4
       4
       3
       3
       7
       5
       5
       4
       1
       3
       5
       3
       5
       1
       5
       3
       0
       4
       3
       4
       3
       5
       3
       5
       3
       1
       5
       6
       1
       4
       2
       3
       3
       2
       1
       2
       5
       3
       1
       4
       1
       1
       0
       1
       2
       1
       3
       3
       2
       3
       1
       0
       0
       2
       1
       3
       1
       2
       4
       2
       0
       1
       1
       0
       0
       3
       2
       1
       1
       2
       2
       2
       1
       1
       0
       1
       3
       2
       1
       2
       1
       1
       1
       3
       1
       2
       0
       1
       1
       2
       0
       4
       1
       3
       0
       0
       2
       0
       0
       0
       0
       1
       0
       0
       0
       0
       5
       1
       0
       1
       0
       0
       0
       0
       0
       0
       2
       2
       1
       1
       1
       2
       0
       0
       2
       1
       0
       3
       2
       1
       0
       1
       1
       1
       1
       0
       1
       0
       1
       1
       0
       2
       1
       0
       1
       0
       0
       1
       1
       0
       0
       0
       0
       1
       0
       0
       0
       1
       1
       1
       1
       0
       0
       0
       1
       1
       0
       0
       0
       1
       0
       2
       1
       1
       1
       1
       0
       0
       0
       2
       0
       1
       0
       0
       0
       0
       1
       0
       0
       1
       0
       0
       0
       0
       0
       1
       0
       1
       1
       0
       0
       0
       1
       0
       0
       1
       1
       2
       1
       0
       0
       0
       0
       1
       0
       1
       0
       0
       0
       1
       0
       1
       2
       1
       0
       1
       1
       0
       0
       0
       1
       0
       0
       0
       1
       0
       0
       0
       1
       0
       0
       0
       0
       0
       0
       0
       0
       0
       1
       0
       0
       2
       0
       1
       1
       0
       1
       0
       0
       0
       0
       1
       0
       0
       1
       0
       1
       0
       0
       0
       0
       0
       1
       0
       1
       1
       0
       0
       0
       0
       1
       0
       0
       1
       0
       1
       0
       0
       0
       0
       0
       0
       0
       0
       2
       1
       0
       0
       0
       0
       1
       1
       0
       0
       0
       0
       1
       0
       0
       0
       0
       0
       1
       0
       0
       0
       0
       1
       0
       0
       1
       0
       0
       1
       1
       0
       0
       0
       0
       0
       0
       0
       0
       1
       1
       0
       0
       0
       1
       0
       0
       1
       0
       0
       0
       0
       0
       0
       0
       0
       1
       0
       0
       0
       0
       0
       0
       0
       0
       1
       1
       0
       1
       0
       0
       0
       1
       0
       0
       0
       0
       0
       0
       0
       0
       0
       0
       0
       0
       0
       0
       0
       0
       0
       0
       0
       0
       0
       0
       0
       0
       0
       0
       0
       0
       0
       0
       0
       0
       1
       0
       0
       1
       0
       0
       0
       0
       0
       0
       0
       0
       1
       0
       0
       0
       0
       0
       0
       0
       0
       0
       0
       0
       0
       0
       0
       1
       0
       1
       0
       0
       0
       0
       0
       0
       0
       0
       0
       0
       0
       0
       1
       0
       0
       1
       0
       0
       0
       0
       0
       1
       0
       0
       0
       0
       0
       0
       0
       0
       0
       0
       0
       0
       0
       1
       0
       0
       0
       0
       0
       0
       0
       0
       0
       0
       0
       0
       1
       0
       0
       0
       0
       0
       0
       1
       0
       0
       0
       1
       0
       0
       0
       0
       0
       0
       0
       0
       0
       0
       0
       1
       0
       0
       0
       0
       0
       0
       0
       0
       0
       0
       0
       0
       0
       1
       0
       0
       0
       0
       0
       0
       0
       0
       0
       0
       0
       0
       0
       0
       1
       0
       0
       0
       0
       0
       0
       0
       1
       0
       0
       0
       0
       0
       0
       0
       0
       0
       1
       0
       0
       0
       0
       0
       0
       0
       0
       0
       0
       0
       1
       0
       0
       0
       0
       0
       1
       0
       0
       0
       0
       0
       0
       0
       0
       0
       0
       0
       0
       0
       0
       0
       0
       0
       0
       0
       0
       0
       0
       0
       0
       0
       0
       0
       0
       0
       0
       0
       0
       0
       0
       0
       0
       0
       0
       1
       0
       0
       0
       0
       0
       0
       0
       0
       0
       0
       0
       0
       0
       0
       0
       0
       0
       0
       0
       0
       0
       0
       0
       0
       0
       0
       0
       0
       0
       0
       0
       0
       0
       0
       0
       0
       0
       0
       0
       0
       0
       0
       0
       0
       0
       0
       0
       0
       0
       0
       0
       0
       0
       0
       0
       0
       0
       0
       0
       0
       0
       0
       0
       0
       0
       0
       0
       0
       0
       0
       0
       0
       0
       0
       0
       0
       0
       0
       0
       0
       0
       0
       0
       0
       1
       0
       0
       0
       0
       0
       0
       0
       0
       0
       0
       0
       0
       0
       0
       0
       0
       0
       0
       0
       0
       0
       0
       0
       0
       0
       0
       0
       0
       0
       0
       0
       0
       0
       0
       0
       0
       0
       0
       0
       0
       0
       0
       0
       0
       0
       0
       0
$ROI:
0
$PRESETS:
Live Time
300
0
$ENER_FIT:
0.000000 0.041319
$MCA_CAL:
3
0.000000E+000 4.131853E-002 0.000000E+000 keV
$SHAPE_CAL:
3
0.000000E+000 0.000000E+000 0.000000E+000
