$SPEC_ID:
No sample description was entered.
$SPEC_REM:
DET# 1
DETDESC# WINDOWS-E1K93MC Easy-MCA-2k SN 13158080
AP# Maestro Version 6.06
$DATE_MEA:
04/18/2019 15:00:14
$MEAS_TIM:
300 312
$DATA:
0 2047
       0
       0
       0
       0
       0
       0
       0
       0
       0
       0
       0
       0
       0
       0
       0
       0
       0
       0
       0
       0
       0
       0
       0
       0
       0
       0
       0
       0
       0
       0
       0
       0
       0
       0
       0
       0
       0
       0
       0
       0
       0
       0
       0
       0
       0
       0
       0
       0
       0
       0
       0
       0
       0
       0
       0
       0
       0
       0
       0
       0
       0
       0
       0
       0
       0
       0
       0
       0
       0
       0
       0
       0
       0
       0
       0
       0
       0
       0
       0
       0
       0
       0
       0
       0
       0
       0
       0
       0
       0
       0
       0
       0
       0
       0
       0
       0
       0
       0
       0
       4
    3809
    5216
    5186
    5061
    4941
    4922
    4857
    4832
    4820
    4725
    4718
    4514
    4552
    4504
    4481
    4447
    4428
    4348
    4217
    4075
    4185
    4075
    4045
    4084
    4021
    3914
    3987
    3972
    3775
    3849
    3706
    3709
    3653
    3724
    3661
    3565
    3601
    3509
    3511
    3444
    3518
    3360
    3339
    3387
    3189
    3335
    3285
    3147
    3222
    3148
    3123
    3110
    3165
    3035
    3052
    2962
    2945
    3095
    2885
    2928
    2916
    2899
    2937
    2847
    2774
    2885
    2682
    2789
    2741
    2760
    2699
    2817
    2620
    2590
    2609
    2554
    2530
    2507
    2535
    2546
    2546
    2538
    2529
    2439
    2466
    2480
    2469
    2406
    2438
    2364
    2348
    2311
    2355
    2308
    2385
    2322
    2321
    2323
    2259
    2163
    2249
    2243
    2228
    2194
    2159
    2068
    2079
    2143
    2105
    2159
    2166
    2077
    2134
    1976
    2036
    2048
    1975
    2052
    1923
    2020
    1981
    1952
    1920
    1977
    1914
    1927
    1888
    1965
    1835
    1844
    1871
    1827
    1849
    1740
    1851
    1778
    1755
    1955
    1710
    1845
    1808
    1756
    1825
    1740
    1753
    1717
    1673
    1714
    1799
    1800
    1720
    1723
    1658
    1651
    1672
    1714
    1605
    1537
    1629
    1645
    1678
    1572
    1582
    1626
    1619
    1615
    1545
    1601
    1503
    1521
    1477
    1574
    1527
    1570
    1508
    1511
    1532
    1495
    1588
    1468
    1534
    1482
    1469
    1516
    1445
    1413
    1468
    1438
    1482
    1427
    1425
    1418
    1359
    1452
    1403
    1377
    1386
    1398
    1348
    1400
    1310
    1367
    1364
    1405
    1368
    1351
    1320
    1305
    1287
    1296
    1286
    1329
    1272
    1279
    1318
    1319
    1268
    1257
    1319
    1279
    1291
    1310
    1205
    1260
    1284
    1262
    1258
    1223
    1263
    1233
    1203
    1280
    1199
    1240
    1195
    1150
    1257
    1168
    1139
    1155
    1171
    1187
    1101
    1232
    1135
    1201
    1151
    1151
    1196
    1166
    1138
    1102
    1088
    1178
    1118
    1109
    1120
    1057
    1105
    1057
    1101
    1075
    1043
    1047
    1076
    1005
    1043
    1021
    1048
    1089
    1099
    1139
    1003
    1021
    1084
    1061
    1021
    1031
    1067
     976
    1013
    1045
     976
     999
    1006
     993
    1018
     987
    1031
     964
    1005
     971
     914
     935
     943
     960
     939
     962
     981
     931
     944
     947
     902
     955
     905
     966
     859
     891
     930
     938
     909
     876
     947
     874
     947
     901
     919
     867
     875
     839
     898
     891
     886
     855
     886
     845
     865
     863
     846
     852
     858
     852
     840
     829
     818
     922
     864
     833
     864
     849
     779
     770
     790
     795
     753
     805
     797
     836
     856
     792
     813
     764
     794
     762
     777
     786
     739
     757
     775
     822
     723
     781
     749
     739
     780
     761
     745
     721
     729
     744
     742
     684
     684
     698
     724
     773
     738
     735
     718
     726
     712
     722
     725
     642
     747
     779
     716
     668
     688
     736
     658
     664
     659
     642
     670
     680
     689
     695
     716
     671
     661
     664
     667
     631
     676
     682
     668
     660
     656
     618
     643
     650
     617
     605
     682
     616
     616
     666
     636
     646
     648
     576
     653
     604
     558
     614
     642
     598
     567
     615
     624
     580
     625
     606
     589
     574
     584
     566
     574
     583
     602
     609
     563
     605
     589
     585
     559
     549
     555
     621
     582
     536
     579
     571
     577
     597
     574
     542
     561
     538
     592
     588
     504
     538
     547
     541
     557
     568
     562
     540
     492
     504
     520
     556
     564
     562
     550
     526
     510
     511
     499
     522
     533
     511
     546
     532
     487
     488
     529
     492
     499
     485
     512
     498
     527
     477
     427
     511
     489
     484
     476
     488
     444
     479
     480
     463
     448
     508
     466
     444
     469
     482
     486
     438
     438
     431
     483
     456
     476
     469
     470
     449
     453
     432
     460
     450
     422
     387
     480
     408
     410
     421
     451
     423
     451
     442
     433
     444
     386
     421
     458
     411
     398
     382
     425
     408
     403
     415
     411
     403
     419
     400
     416
     413
     410
     353
     381
     387
     406
     372
     408
     420
     386
     394
     372
     369
     377
     381
     370
     380
     400
     382
     390
     382
     385
     369
     369
     379
     378
     363
     360
     350
     362
     340
     400
     361
     354
     378
     371
     340
     401
     316
     328
     312
     338
     359
     342
     317
     349
     352
     317
     327
     324
     342
     348
     362
     308
     333
     304
     331
     359
     321
     338
     298
     307
     330
     339
     338
     339
     341
     312
     321
     298
     333
     328
     277
     343
     294
     325
     305
     286
     290
     311
     309
     311
     296
     299
     291
     289
     283
     271
     297
     275
     270
     306
     313
     280
     282
     279
     288
     279
     263
     288
     301
     267
     287
     270
     244
     272
     274
     280
     275
     249
     255
     301
     267
     258
     266
     266
     264
     263
     281
     260
     295
     248
     247
     249
     246
     280
     272
     252
     248
     258
     267
     240
     284
     258
     246
     271
     239
     234
     238
     285
     250
     229
     261
     245
     236
     252
     249
     250
     246
     244
     235
     228
     216
     241
     239
     228
     208
     238
     225
     241
     221
     225
     237
     205
     226
     237
     238
     197
     232
     216
     212
     221
     222
     199
     211
     203
     203
     221
     207
     222
     198
     200
     182
     208
     190
     192
     213
     201
     213
     187
     185
     219
     192
     175
     200
     187
     206
     206
     189
     197
     212
     200
     197
     199
     191
     161
     199
     167
     182
     177
     170
     178
     174
     190
     195
     185
     170
     182
     185
     188
     194
     167
     188
     165
     172
     167
     177
     159
     145
     171
     170
     170
     175
     149
     169
     176
     172
     152
     179
     159
     177
     167
     153
     149
     168
     156
     179
     148
     171
     150
     138
     152
     152
     152
     172
     133
     154
     162
     168
     146
     148
     152
     164
     154
     153
     156
     151
     146
     135
     138
     144
     155
     123
     146
     120
     144
     147
     132
     158
     127
     145
     157
     142
     147
     128
     141
     137
     130
     105
     116
     140
     170
     128
     127
     117
     134
     106
     121
     139
     137
     142
     113
     115
     112
     107
     132
     106
      96
     117
     112
     116
     119
     112
     115
     115
     102
     114
     114
     109
     122
      84
     120
     119
      98
     115
      95
      91
      97
     110
     121
     102
     123
     111
     105
      92
     118
      88
     105
      95
      96
     102
      99
     111
      94
      82
     104
      86
      89
     106
     104
     106
      79
     110
     103
     117
     101
     111
     101
      78
      98
     108
      93
     103
     100
      88
      93
      77
      79
      82
      90
      95
      95
      71
      83
      91
      90
      95
      91
      87
      88
     107
      75
      80
      73
      75
      50
      72
      86
      93
      82
      91
      68
      80
      73
      71
      68
      77
     101
      78
      70
      68
      85
      85
      80
      82
      80
      67
      75
      81
      70
      72
      74
      81
      66
      78
      84
      72
      84
      55
      78
      53
      80
      62
      64
      63
      65
      59
      70
      68
      80
      54
      72
      65
      64
      68
      61
      64
      70
      62
      55
      52
      52
      67
      60
      67
      60
      66
      67
      50
      67
      66
      53
      54
      50
      52
      40
      39
      49
      63
      50
      40
      50
      54
      50
      49
      57
      49
      52
      58
      49
      58
      48
      50
      43
      55
      46
      50
      41
      62
      51
      52
      55
      52
      46
      42
      60
      57
      59
      49
      39
      56
      48
      57
      40
      44
      46
      40
      57
      45
      29
      44
      49
      37
      44
      41
      36
      48
      33
      44
      38
      40
      42
      48
      36
      34
      38
      42
      41
      28
      33
      39
      36
      43
      38
      44
      39
      30
      43
      46
      30
      34
      40
      43
      35
      44
      35
      32
      27
      22
      28
      32
      33
      38
      38
      31
      33
      54
      31
      36
      40
      34
      36
      33
      35
      34
      36
      31
      33
      30
      36
      32
      34
      33
      26
      28
      31
      24
      33
      29
      29
      26
      38
      25
      33
      34
      32
      32
      28
      36
      33
      30
      34
      30
      25
      24
      27
      26
      28
      25
      21
      33
      27
      27
      21
      29
      41
      25
      23
      28
      26
      23
      26
      25
      27
      25
      18
      27
      24
      22
      27
      15
      18
      30
      26
      26
      26
      21
      25
      21
      23
      20
      30
      21
      24
      25
      18
      20
      31
      24
      18
      15
      17
      26
      18
      14
      19
      16
      28
      25
      17
      18
      19
      17
      19
      19
      18
      13
      20
      17
      17
      25
      28
      14
      26
      21
      16
      18
      18
      26
      20
      17
      22
      11
      17
      20
      14
      14
      19
      11
      14
      10
      25
      17
      12
      18
      18
      21
      11
      16
      14
      11
      12
      20
      10
      21
       9
      17
      11
      14
       9
      13
      13
      12
      12
      16
      16
      19
      12
      14
      13
      14
      13
       8
      20
      17
       9
      16
      12
      19
      13
      21
      12
      13
      11
      13
      11
      19
      11
      12
      14
      14
      18
      14
       8
       6
      11
       8
      13
      19
       8
      19
      13
      14
       6
      12
      17
      12
      17
      13
      10
      20
      17
      11
      11
      14
      11
      11
      16
      10
       9
      11
      13
       9
      13
      13
      13
      14
      14
      12
      18
      16
      11
      13
      12
       6
      11
      11
      11
      12
       9
       7
       6
      14
      11
      15
       4
       5
      14
       7
      11
      11
      14
      10
       7
      11
      10
      13
      11
      12
      10
      13
       7
      12
      13
       7
       8
      13
       7
      10
      13
      12
      11
      13
       7
       9
       8
      11
       8
      12
      17
       9
      12
      10
       9
       5
       6
       6
      11
       3
       7
       8
      10
      13
       6
       7
       6
       7
      11
       7
      12
      12
      16
       9
       6
       5
       3
       6
       5
       8
      10
       4
       6
       8
      10
      11
       6
       8
      10
       5
       6
      10
       4
       6
       7
       9
      12
       7
       4
       9
      11
       8
       7
       7
       5
       4
      11
       5
       3
       7
      19
       5
       6
       7
       8
      12
       8
       4
       4
       7
       4
       5
       7
       7
       5
       5
       5
       8
       5
       8
       7
       7
      10
       8
       3
       3
       5
       4
       1
       8
       6
       9
       3
       7
       3
       4
       5
       8
       7
       9
       3
       7
       9
       6
       6
       6
       4
       8
       3
       3
       5
       6
       9
       7
       6
       3
       8
       4
       3
       3
       6
       3
       3
       4
       3
       7
       7
       4
       6
       5
       5
       7
       2
       5
       3
       5
       5
       6
       4
       7
       7
       9
       4
       3
       9
       2
       5
       6
       6
       9
       4
       6
       4
       1
       7
       4
       7
       2
       3
       3
       9
       3
       7
       4
       1
       4
       3
       8
       6
       9
       7
       6
       6
       3
       5
       6
       5
       6
       5
       3
       6
      10
       3
       5
       3
       8
       5
       5
       6
       6
       9
       4
       5
       3
       6
       6
       2
       3
       4
       5
       4
       4
       4
       7
       5
       4
       2
       5
       6
       3
       2
       4
       3
       4
       1
       7
       1
       5
       1
       5
       6
       4
       3
       4
       6
       4
       4
       2
       0
       4
       1
       5
       2
       3
       4
       1
       6
       1
       4
       2
       3
       2
       3
       3
       4
       2
       2
       2
       6
       1
       3
       8
       3
       2
       4
       3
       5
       3
       3
       3
       1
       3
       2
       0
       2
       3
       4
       0
       6
       3
       5
       1
       1
       5
       2
       3
       4
       3
       3
       2
       4
       4
       5
       3
       2
       1
       0
       2
       3
       3
       4
       2
       4
       2
       8
       5
       2
       4
       3
       2
       1
       3
       3
       1
       5
       3
       1
       2
       4
       0
       1
       0
       1
       2
       7
       1
       0
       0
       2
       6
       3
       1
       4
       1
       3
       5
       1
       2
       1
       3
       2
       5
       1
       3
       0
       2
       3
       0
       1
       3
       1
       5
       1
       0
       2
       1
       4
       3
       2
       2
       3
       2
       3
       1
       1
       3
       5
       2
       1
       1
       1
       3
       0
       2
       1
       3
       1
       1
       2
       1
       0
       3
       1
       2
       3
       1
       2
       3
       1
       3
       5
       3
       1
       2
       1
       4
       1
       2
       0
       2
       0
       2
       1
       0
       1
       3
       2
       2
       2
       1
       1
       1
       4
       4
       1
       0
       0
       1
       4
       0
       3
       0
       0
       2
       0
       1
       3
       2
       1
       2
       2
       0
       0
       2
       1
       2
       3
       1
       1
       0
       5
       3
       1
       2
       2
       0
       2
       1
       0
       1
       1
       1
       3
       4
       1
       0
       4
       3
       0
       2
       2
       3
       1
       0
       0
       1
       0
       1
       1
       3
       1
       1
       1
       0
       3
       2
       0
       1
       0
       2
       1
       1
       1
       1
       0
       3
       0
       5
       0
       0
       1
       3
       1
       1
       1
       0
       3
       3
       0
       2
       0
       1
       3
       1
       0
       3
       1
       3
       0
       1
       2
       3
       0
       2
       2
       2
       0
       1
       1
       2
       1
       1
       0
       0
       0
       1
       0
       0
       3
       1
       0
       1
       1
       0
       1
       0
       2
       1
       1
       0
       0
       2
       2
       3
       1
       1
       2
       1
       0
       3
       0
       1
       0
       0
       2
       1
       1
       3
       1
       3
       0
       1
       0
       1
       0
       0
       0
       0
       0
       0
       0
       0
       0
       0
       0
       0
       0
       0
       0
       0
       0
       0
       0
       0
       0
       0
       0
       0
       0
       0
       0
       0
       0
       0
       0
       0
$ROI:
0
$PRESETS:
Live Time
300
0
$ENER_FIT:
0.000000 0.041319
$MCA_CAL:
3
0.000000E+000 4.131853E-002 0.000000E+000 keV
$SHAPE_CAL:
3
0.000000E+000 0.000000E+000 0.000000E+000
